{"git_commit": "a0d5efaa1853aa5025d0a251c3e8bb2255b82ff2", "in": {"param": {"q0": [[0.0, 0.0, 0.0, 0.0, 0.0, 0.0, 1.0, 0.0, 0.0, 0.0, 0.0, 0.0, 0.0, 0.0, 0.0, 0.0, 0.0, 0.0, 0.0, 0.0, 0.0, 0.0, 0.0, 0.0, 0.0, 0.0, 0.0, 0.0, 0.0, 0.0, 0.0, 0.0, 0.0, 0.0, 0.0, 0.0, 0.0, 0.0, 0.0, 0.0, 0.0, 0.0, 0.0, 0.0, 0.0, 0.0, 0.0, 0.0, 0.0, 0.0]], "dq_vel_limit_factor": [100], "dt": [100], "root_dir_z": [-0.013012457410596888, 0.99899310671977, 0.04293540122695311], "root_dir_y": [-0.9891768562899043, 0.009179697436432585, 0.1464407051860843], "root_pos": [2.121068420410156, 0.9754859924316406, -2.685858154296875], "torso_dir": [-0.08671297168756763, 0.9605127233792523, 0.2643788357030172], "shoulder_dir": [-0.985059881644685, -0.14077524145344955, 0.09919355305604274], "L_arm_dir": [-0.2127946680257107, -0.5924211447767672, 0.7770171275340153], "L_upper_arm_dir": [0.10676669214688361, -0.9527530061703251, 0.2843634693159814], "L_lower_arm_dir": [-0.4413160702800005, 0.11204632798337005, 0.8903290102529855], "L_upper_leg_dir": [0.07301441255552849, -0.9378220338728824, 0.33935045062840463], "L_lower_leg_dir": [0.07022108150134124, -0.8805782357164137, -0.46866936159231715], "L_foot_dir_front": [-0.03583360949283664, 0.0179964535924044, 0.9991957166085188], "L_foot_pos": [2.302873077392578, 0.10098602294921875, -2.7331784057617186], "R_arm_dir": [0.06426040172432228, -0.5612555763733186, 0.8251440957554521], "R_upper_arm_dir": [-0.019991135233962787, -0.9851216459020703, 0.1706918196260543], "R_lower_arm_dir": [0.11246137208858475, 0.28626071711710743, 0.9515288968936004], "R_upper_leg_dir": [-0.09884230756902457, -0.935127712152357, 0.34024455939680925], "R_lower_leg_dir": [0.01043015167937926, -0.8897965817631758, -0.45623815603094103], "R_foot_dir_front": [-0.046692536225341294, -0.002976581837965127, 0.9989048738600723], "R_foot_pos": [1.9681716918945313, 0.10039176940917968, -2.710718688964844], "L_hand_dir_front": [-0.32186911327412115, 0.3485789439558816, 0.8221560767732774], "L_hand_dir_outside": [0.9292105130450249, -0.24925565303458166, 0.27283592482828534], "L_hand_joint_1_pos_in_hand": [0.019368432547488615, -0.004842069783656947, 0.025178905962203346], "L_hand_joint_2_pos_in_hand": [0.04611346954032179, -0.008395425296672877, 0.052947967795206004], "L_hand_joint_3_pos_in_hand": [0.06673798221506906, -0.025508358899140153, 0.05530155591339396], "L_hand_thumb_tip_pos_in_hand": [0.1, -0.044741934234332995, 0.04753682700414358], "R_hand_joint_1_pos_in_hand": [-0.01936846379052089, -0.0048421159894494505, 0.025179007318615373], "R_hand_joint_2_pos_in_hand": [-0.04174636908902292, -0.0022808824509380644, 0.05667045085995582], "R_hand_joint_3_pos_in_hand": [-0.06178201804137694, -0.014400891516414834, 0.06991573848913102], "R_hand_thumb_tip_pos_in_hand": [-0.043218138918637364, 0.000907806834630303, 0.0618744048489304], "R_hand_dir_front": [0.04056454599726918, 0.3035804836584658, 0.8781498876311737], "R_hand_dir_outside": [-0.9697608967110353, -0.2300137085947298, -0.08159348668066149], "L_finger_thumb_palm_dir": [-0.8299633484707716, 0.3272219727131227, 0.4517594722514591], "L_finger_thumb_middle_dir": [-0.43000784427061456, -0.2848856017305216, 0.8566991582769167], "L_finger_thumb_lower_dir": [-0.06529396792906539, -0.5540279765693636, 0.8299335509126828], "L_finger_index_palm_dir": [-0.19484555447495855, 0.3539181867665714, 0.914755227903732], "L_finger_index_upper_dir": [-0.35027654174534106, 0.5893484827326582, 0.727993619617396], "L_finger_index_middle_dir": [-0.35027654174534106, 0.5893484827326582, 0.727993619617396], "L_finger_index_lower_dir": [-0.35027654174534106, 0.5893484827326582, 0.727993619617396], "L_finger_middle_palm_dir": [-0.19484555447495855, 0.3539181867665714, 0.914755227903732], "L_finger_middle_upper_dir": [-0.3665265546318961, -0.4889244439695547, 0.7915877543511729], "L_finger_middle_middle_dir": [-0.24892285628601085, -0.9681821677276556, 0.025704118592007885], "L_finger_middle_lower_dir": [-0.015158154724772777, -0.8023599506141752, -0.5966479196274452], "L_finger_ring_palm_dir": [-0.19484555447495855, 0.3539181867665714, 0.914755227903732], "L_finger_ring_upper_dir": [-0.2977559737438369, -0.6965783958950784, 0.6527786136754933], "L_finger_ring_middle_dir": [-0.21659925742246555, -0.8864213618942619, -0.4090744808241635], "L_finger_ring_lower_dir": [0.03095911835317544, -0.3070170985419801, -0.9512003123389196], "L_finger_pinky_palm_dir": [-0.19484555447495855, 0.3539181867665714, 0.914755227903732], "L_finger_pinky_upper_dir": [-0.032999654171207427, -0.21489811505714884, 0.9760787995697198], "L_finger_pinky_middle_dir": [-0.2566254793494269, -0.7841516080441415, 0.5650217862617901], "L_finger_pinky_lower_dir": [-0.3331411720533375, -0.9377475442113402, 0.09821661167302381], "R_finger_thumb_palm_dir": [0.7076879324215337, 0.397234911514116, 0.5842792272358371], "R_finger_thumb_middle_dir": [0.4689007778625791, -0.10806408529008976, 0.8766152029198923], "R_finger_thumb_lower_dir": [0.32776481979357186, -0.2922151765927178, 0.8984322531357467], "R_finger_index_palm_dir": [-0.12621630060879696, 0.28016687669455326, 0.9516175527300077], "R_finger_index_upper_dir": [0.13389523815623927, 0.30768646127227106, 0.9420196955206572], "R_finger_index_middle_dir": [0.13674461187385578, 0.2927860730245132, 0.9463494209679384], "R_finger_index_lower_dir": [0.13871892643050732, 0.2823122207095122, 0.9492401537482656], "R_finger_middle_palm_dir": [-0.12621630060879696, 0.28016687669455326, 0.9516175527300077], "R_finger_middle_upper_dir": [-0.008934432824310279, -0.26042902333106005, 0.9654516558155246], "R_finger_middle_middle_dir": [0.1603445823873384, -0.8754605244797369, 0.45591499753429293], "R_finger_middle_lower_dir": [0.21841833039480862, -0.9721229314095912, -0.08526687032586688], "R_finger_ring_palm_dir": [-0.12621630060879696, 0.28016687669455326, 0.9516175527300077], "R_finger_ring_upper_dir": [-0.1715281874541439, -0.23218172524852293, 0.9574287061548319], "R_finger_ring_middle_dir": [0.023827824552066446, -0.7123645144188875, 0.7014050423071244], "R_finger_ring_lower_dir": [0.15369078564685235, -0.9071333693888864, 0.3917756916252197], "R_finger_pinky_palm_dir": [-0.12621630060879696, 0.28016687669455326, 0.9516175527300077], "R_finger_pinky_upper_dir": [-0.36968188009877245, -0.11793951846714677, 0.9216428687460095], "R_finger_pinky_middle_dir": [-0.17771678251225254, -0.5475255326192241, 0.8176995391606429], "R_finger_pinky_lower_dir": [-0.023692467773455794, -0.7682627538706805, 0.6396960278021443], "L_finger_thumb_palm_middle_rel_rot": [0.8623010861840805], "L_finger_thumb_middle_lower_rel_rot": [0.45805363137539307], "L_finger_index_palm_upper_rel_rot": [-0.21816223380776928], "L_finger_index_upper_middle_rel_rot": [-0.0], "L_finger_index_middle_lower_rel_rot": [-0.0], "L_finger_middle_palm_upper_rel_rot": [0.8988813424257159], "L_finger_middle_upper_middle_rel_rot": [0.9459756606193923], "L_finger_middle_middle_lower_rel_rot": [0.699339542924492], "L_finger_ring_palm_upper_rel_rot": [1.139905384279306], "L_finger_ring_upper_middle_rel_rot": [1.1429407692309432], "L_finger_ring_middle_lower_rel_rot": [0.8572056884028456], "L_finger_pinky_palm_upper_rel_rot": [0.4979611734670132], "L_finger_pinky_upper_middle_rel_rot": [0.7546854839805917], "L_finger_pinky_middle_lower_rel_rot": [0.5026203597689284], "R_finger_thumb_palm_middle_rel_rot": [0.6416711285814978], "R_finger_thumb_middle_lower_rel_rot": [0.23356911741983924], "R_finger_index_palm_upper_rel_rot": [0.019171878788321228], "R_finger_index_upper_middle_rel_rot": [0.01577631722548167], "R_finger_index_middle_lower_rel_rot": [0.011043417756615631], "R_finger_middle_palm_upper_rel_rot": [0.5606590909887827], "R_finger_middle_upper_middle_rel_rot": [0.8409882174324371], "R_finger_middle_middle_lower_rel_rot": [0.5600980909302399], "R_finger_ring_palm_upper_rel_rot": [0.4913693058779311], "R_finger_ring_upper_middle_rel_rot": [0.5865481483626986], "R_finger_ring_middle_lower_rel_rot": [0.3906409586463247], "R_finger_pinky_palm_upper_rel_rot": [0.3211261364738184], "R_finger_pinky_upper_middle_rel_rot": [0.4866585111224539], "R_finger_pinky_middle_lower_rel_rot": [0.32411428959582106], "L_finger_index_joint_angle": [-0.07272074460258976], "L_finger_middle_joint_angle": [0.8480655153232001], "L_finger_ring_joint_angle": [1.046683947304365], "L_finger_pinky_joint_angle": [0.5850890057388444], "R_finger_index_joint_angle": [0.015330537923472843], "R_finger_middle_joint_angle": [0.6539151331171533], "R_finger_ring_joint_angle": [0.4895194709623181], "R_finger_pinky_joint_angle": [0.3772996457306978], "L_hand_ee_pos": [2.1918489074707033, 1.2118452453613282, -2.2902212524414063], "R_hand_ee_pos": [1.9411013793945313, 1.1921520233154297, -2.264371032714844], "foot_axis": [1.0, 0.0, 0.0], "head_axis": [0.0, 0.0, 1.0], "head_up_dir_rel_torso": [0.11203709482844143, 0.9602320952448378, -0.2557381720512439], "head_front_dir_rel_torso": [0.9904301348166928, -0.08703286875906256, 0.10711408778753326], "head_up_dir": [0.00019004637206404687, 0.9999994846801692, -0.0009972571245323416], "head_front_dir": [0.0005179026811337849, 0.0009971585833193964, 0.999999368725587], "left_shoulder_pos": [2.2895765686035157, 1.4294204711914062, -2.629678955078125], "right_shoulder_pos": [1.9158636474609374, 1.3760130310058594, -2.592046813964844]}, "weight": {"head_dir_weight": 5.0, "root_pos_weight": 100.0, "root_dir_weight": 100.0, "torso_dir_weight": 50.0, "shoulder_dir_weight": 30.0, "upper_arm_weight": 20.0, "L_upper_arm_weight": 20.0, "R_upper_arm_weight": 20.0, "lower_arm_weight": 10.0, "L_lower_arm_weight": 10.0, "R_lower_arm_weight": 10.0, "hand_dir_front_weight": 5.0, "hand_dir_outside_weight": 3.0, "finger_weight": 10.0, "upper_leg_weight": 50.0, "lower_leg_weight": 30.0, "foot_pos_weight": 10.0, "hand_pos_weight": 10.0, "L_hand_pos_weight": 10.0, "R_hand_pos_weight": 10.0, "foot_dir_x_weight": 10.0, "foot_dir_y_weight": 10.0, "joint_vel_cost_weight": 0.0010000000474974513, "hand_joint_vel_cost_weight": 0.0, "leg_joint_vel_cost_weight": 0.0010000000474974513, "arm_joint_vel_cost_weight": 0.0010000000474974513, "waist_joint_vel_cost_weight": 0.0010000000474974513, "default_config_cost_weight": 0.0, "shoulder_roll_default_cost_weight": 0.10000000149011612, "finger_turbo_factor": 1.0, "thumb_pos_weight": 10.0}}, "out": {"q": [[2.1214499974933867, 0.9638052049885499, -2.688225037541772, -0.5228607228865012, -0.4525640202936491, -0.4733168894412787, 0.5456863514583147, -0.4305750479639402, -0.023863458020070994, -0.417827079848017, 0.7425869961537308, -0.4585799406837422, 2.486832767747681e-17, -0.41612891197239116, -0.08592070874872412, 0.03216964010799395, 0.7448108386379755, -0.4511581468543794, 2.486832767747681e-17, 0.12468214297656373, 0.20811035829578944, -0.03386030916550171, -0.13160850516907013, -0.2691888678056201, -0.5878118024266662, 0.015308256054961649, -0.3443961692046087, -1.4736615026003719, -1.1408406070009127, 0.09307598177234243, 0.27477686344917435, 2.1054684936379605e-05, 0.8480655235286612, 0.5850902502813399, 1.0466830658451876, 1.0997339796301127, 0.37612406815022154, -0.42456762428508155, -0.18689390131803413, -0.11337694583491315, -1.6952656491608389, 1.3669954124213366, 0.13884295225564952, -0.053767157155319226, 0.015454890822185114, 0.6539160115892488, 0.37730254846551753, 0.4895213353025078, 0.0005634969403256793, 0.4086148750907052]], "v": [[-0.005390250739882116, 0.035428209554161795, -0.022152054016980137, -0.012398922415637163, -0.010731932864935926, -0.01122405859402647, -0.004305750479639402, -0.00023863458020070992, -0.0041782707984801696, 0.007425869961537308, -0.004585799406837422, 2.486832767747681e-19, -0.004161289119723912, -0.0008592070874872413, 0.00032169640107993956, 0.007448108386379755, -0.004511581468543794, 2.486832767747681e-19, 0.0012468214297656373, 0.0020811035829578946, -0.0003386030916550171, -0.0013160850516907012, -0.0026918886780562014, -0.005878118024266662, 0.00015308256054961649, -0.003443961692046087, -0.014736615026003718, -0.011408406070009126, 0.0009307598177234243, 0.0027477686344917433, 2.1054684936379607e-07, 0.008480655235286612, 0.005850902502813399, 0.010466830658451875, 0.010997339796301126, 0.0037612406815022152, -0.004245676242850815, -0.0018689390131803414, -0.0011337694583491314, -0.01695265649160839, 0.013669954124213365, 0.0013884295225564953, -0.0005376715715531922, 0.00015454890822185114, 0.006539160115892488, 0.003773025484655175, 0.004895213353025078, 5.634969403256794e-06, 0.004086148750907052]]}, "extended": {"labels": ["root_pos/x", "root_pos/y", "root_pos/z", "root_quat/x", "root_quat/y", "root_quat/z", "root_quat/w", "dof_pos/hipPitch_Left", "dof_pos/hipRoll_Left", "dof_pos/hipYaw_Left", "dof_pos/kneePitch_Left", "dof_pos/anklePitch_Left", "dof_pos/ankleRoll_Left", "dof_pos/hipPitch_Right", "dof_pos/hipRoll_Right", "dof_pos/hipYaw_Right", "dof_pos/kneePitch_Right", "dof_pos/anklePitch_Right", "dof_pos/ankleRoll_Right", "dof_pos/waistRoll", "dof_pos/waistPitch", "dof_pos/waistYaw", "dof_pos/neckYaw", "dof_pos/neckPitch", "dof_pos/shoulderPitch_Left", "dof_pos/shoulderRoll_Left", "dof_pos/shoulderYaw_Left", "dof_pos/elbow_Left", "dof_pos/wristYaw_Left", "dof_pos/wristPitch_Left", "dof_pos/wristRoll_Left", "dof_pos/L_index_MCP_joint", "dof_pos/L_index_DIP_joint", "dof_pos/L_middle_MCP_joint", "dof_pos/L_middle_DIP_joint", "dof_pos/L_pinky_MCP_joint", "dof_pos/L_pinky_DIP_joint", "dof_pos/L_ring_MCP_joint", "dof_pos/L_ring_DIP_joint", "dof_pos/L_thumb_MCP_joint1", "dof_pos/L_thumb_MCP_joint2", "dof_pos/L_thumb_PIP_joint", "dof_pos/L_thumb_DIP_joint", "dof_pos/shoulderPitch_Right", "dof_pos/shoulderRoll_Right", "dof_pos/shoulderYaw_Right", "dof_pos/elbow_Right", "dof_pos/wristYaw_Right", "dof_pos/wristPitch_Right", "dof_pos/wristRoll_Right", "dof_pos/R_index_MCP_joint", "dof_pos/R_index_DIP_joint", "dof_pos/R_middle_MCP_joint", "dof_pos/R_middle_DIP_joint", "dof_pos/R_pinky_MCP_joint", "dof_pos/R_pinky_DIP_joint", "dof_pos/R_ring_MCP_joint", "dof_pos/R_ring_DIP_joint", "dof_pos/R_thumb_MCP_joint1", "dof_pos/R_thumb_MCP_joint2", "dof_pos/R_thumb_PIP_joint", "dof_pos/R_thumb_DIP_joint", "root_vel_body/x", "root_vel_body/y", "root_vel_body/z", "root_ang_vel_body/x", "root_ang_vel_body/y", "root_ang_vel_body/z", "dof_vel/hipPitch_Left", "dof_vel/hipRoll_Left", "dof_vel/hipYaw_Left", "dof_vel/kneePitch_Left", "dof_vel/anklePitch_Left", "dof_vel/ankleRoll_Left", "dof_vel/hipPitch_Right", "dof_vel/hipRoll_Right", "dof_vel/hipYaw_Right", "dof_vel/kneePitch_Right", "dof_vel/anklePitch_Right", "dof_vel/ankleRoll_Right", "dof_vel/waistRoll", "dof_vel/waistPitch", "dof_vel/waistYaw", "dof_vel/neckYaw", "dof_vel/neckPitch", "dof_vel/shoulderPitch_Left", "dof_vel/shoulderRoll_Left", "dof_vel/shoulderYaw_Left", "dof_vel/elbow_Left", "dof_vel/wristYaw_Left", "dof_vel/wristPitch_Left", "dof_vel/wristRoll_Left", "dof_vel/L_index_MCP_joint", "dof_vel/L_index_DIP_joint", "dof_vel/L_middle_MCP_joint", "dof_vel/L_middle_DIP_joint", "dof_vel/L_pinky_MCP_joint", "dof_vel/L_pinky_DIP_joint", "dof_vel/L_ring_MCP_joint", "dof_vel/L_ring_DIP_joint", "dof_vel/L_thumb_MCP_joint1", "dof_vel/L_thumb_MCP_joint2", "dof_vel/L_thumb_PIP_joint", "dof_vel/L_thumb_DIP_joint", "dof_vel/shoulderPitch_Right", "dof_vel/shoulderRoll_Right", "dof_vel/shoulderYaw_Right", "dof_vel/elbow_Right", "dof_vel/wristYaw_Right", "dof_vel/wristPitch_Right", "dof_vel/wristRoll_Right", "dof_vel/R_index_MCP_joint", "dof_vel/R_index_DIP_joint", "dof_vel/R_middle_MCP_joint", "dof_vel/R_middle_DIP_joint", "dof_vel/R_pinky_MCP_joint", "dof_vel/R_pinky_DIP_joint", "dof_vel/R_ring_MCP_joint", "dof_vel/R_ring_DIP_joint", "dof_vel/R_thumb_MCP_joint1", "dof_vel/R_thumb_MCP_joint2", "dof_vel/R_thumb_PIP_joint", "dof_vel/R_thumb_DIP_joint", "torso/pos_x", "torso/pos_y", "torso/pos_z", "torso_quat/x", "torso_quat/y", "torso_quat/z", "torso_quat/w", "torso/vel_local_x", "torso/vel_local_y", "torso/vel_local_z", "torso/vel_local_norm", "torso/ang_vel_local_x", "torso/ang_vel_local_y", "torso/ang_vel_local_z", "torso/ang_vel_local_norm", "torso/pos_x_body", "torso/pos_y_body", "torso/pos_z_body", "torso_quat_body/x", "torso_quat_body/y", "torso_quat_body/z", "torso_quat_body/w", "hipRollLeft/pos_x", "hipRollLeft/pos_y", "hipRollLeft/pos_z", "hipRollLeft_quat/x", "hipRollLeft_quat/y", "hipRollLeft_quat/z", "hipRollLeft_quat/w", "hipRollLeft/vel_local_x", "hipRollLeft/vel_local_y", "hipRollLeft/vel_local_z", "hipRollLeft/vel_local_norm", "hipRollLeft/ang_vel_local_x", "hipRollLeft/ang_vel_local_y", "hipRollLeft/ang_vel_local_z", "hipRollLeft/ang_vel_local_norm", "hipRollLeft/pos_x_body", "hipRollLeft/pos_y_body", "hipRollLeft/pos_z_body", "hipRollLeft_quat_body/x", "hipRollLeft_quat_body/y", "hipRollLeft_quat_body/z", "hipRollLeft_quat_body/w", "shinLeft/pos_x", "shinLeft/pos_y", "shinLeft/pos_z", "shinLeft_quat/x", "shinLeft_quat/y", "shinLeft_quat/z", "shinLeft_quat/w", "shinLeft/vel_local_x", "shinLeft/vel_local_y", "shinLeft/vel_local_z", "shinLeft/vel_local_norm", "shinLeft/ang_vel_local_x", "shinLeft/ang_vel_local_y", "shinLeft/ang_vel_local_z", "shinLeft/ang_vel_local_norm", "shinLeft/pos_x_body", "shinLeft/pos_y_body", "shinLeft/pos_z_body", "shinLeft_quat_body/x", "shinLeft_quat_body/y", "shinLeft_quat_body/z", "shinLeft_quat_body/w", "anklePitchLeft/pos_x", "anklePitchLeft/pos_y", "anklePitchLeft/pos_z", "anklePitchLeft_quat/x", "anklePitchLeft_quat/y", "anklePitchLeft_quat/z", "anklePitchLeft_quat/w", "anklePitchLeft/vel_local_x", "anklePitchLeft/vel_local_y", "anklePitchLeft/vel_local_z", "anklePitchLeft/vel_local_norm", "anklePitchLeft/ang_vel_local_x", "anklePitchLeft/ang_vel_local_y", "anklePitchLeft/ang_vel_local_z", "anklePitchLeft/ang_vel_local_norm", "anklePitchLeft/pos_x_body", "anklePitchLeft/pos_y_body", "anklePitchLeft/pos_z_body", "anklePitchLeft_quat_body/x", "anklePitchLeft_quat_body/y", "anklePitchLeft_quat_body/z", "anklePitchLeft_quat_body/w", "hipRollRight/pos_x", "hipRollRight/pos_y", "hipRollRight/pos_z", "hipRollRight_quat/x", "hipRollRight_quat/y", "hipRollRight_quat/z", "hipRollRight_quat/w", "hipRollRight/vel_local_x", "hipRollRight/vel_local_y", "hipRollRight/vel_local_z", "hipRollRight/vel_local_norm", "hipRollRight/ang_vel_local_x", "hipRollRight/ang_vel_local_y", "hipRollRight/ang_vel_local_z", "hipRollRight/ang_vel_local_norm", "hipRollRight/pos_x_body", "hipRollRight/pos_y_body", "hipRollRight/pos_z_body", "hipRollRight_quat_body/x", "hipRollRight_quat_body/y", "hipRollRight_quat_body/z", "hipRollRight_quat_body/w", "shinRight/pos_x", "shinRight/pos_y", "shinRight/pos_z", "shinRight_quat/x", "shinRight_quat/y", "shinRight_quat/z", "shinRight_quat/w", "shinRight/vel_local_x", "shinRight/vel_local_y", "shinRight/vel_local_z", "shinRight/vel_local_norm", "shinRight/ang_vel_local_x", "shinRight/ang_vel_local_y", "shinRight/ang_vel_local_z", "shinRight/ang_vel_local_norm", "shinRight/pos_x_body", "shinRight/pos_y_body", "shinRight/pos_z_body", "shinRight_quat_body/x", "shinRight_quat_body/y", "shinRight_quat_body/z", "shinRight_quat_body/w", "anklePitchRight/pos_x", "anklePitchRight/pos_y", "anklePitchRight/pos_z", "anklePitchRight_quat/x", "anklePitchRight_quat/y", "anklePitchRight_quat/z", "anklePitchRight_quat/w", "anklePitchRight/vel_local_x", "anklePitchRight/vel_local_y", "anklePitchRight/vel_local_z", "anklePitchRight/vel_local_norm", "anklePitchRight/ang_vel_local_x", "anklePitchRight/ang_vel_local_y", "anklePitchRight/ang_vel_local_z", "anklePitchRight/ang_vel_local_norm", "anklePitchRight/pos_x_body", "anklePitchRight/pos_y_body", "anklePitchRight/pos_z_body", "anklePitchRight_quat_body/x", "anklePitchRight_quat_body/y", "anklePitchRight_quat_body/z", "anklePitchRight_quat_body/w", "shoulderRollLeft/pos_x", "shoulderRollLeft/pos_y", "shoulderRollLeft/pos_z", "shoulderRollLeft_quat/x", "shoulderRollLeft_quat/y", "shoulderRollLeft_quat/z", "shoulderRollLeft_quat/w", "shoulderRollLeft/vel_local_x", "shoulderRollLeft/vel_local_y", "shoulderRollLeft/vel_local_z", "shoulderRollLeft/vel_local_norm", "shoulderRollLeft/ang_vel_local_x", "shoulderRollLeft/ang_vel_local_y", "shoulderRollLeft/ang_vel_local_z", "shoulderRollLeft/ang_vel_local_norm", "shoulderRollLeft/pos_x_body", "shoulderRollLeft/pos_y_body", "shoulderRollLeft/pos_z_body", "shoulderRollLeft_quat_body/x", "shoulderRollLeft_quat_body/y", "shoulderRollLeft_quat_body/z", "shoulderRollLeft_quat_body/w", "elbowLeft/pos_x", "elbowLeft/pos_y", "elbowLeft/pos_z", "elbowLeft_quat/x", "elbowLeft_quat/y", "elbowLeft_quat/z", "elbowLeft_quat/w", "elbowLeft/vel_local_x", "elbowLeft/vel_local_y", "elbowLeft/vel_local_z", "elbowLeft/vel_local_norm", "elbowLeft/ang_vel_local_x", "elbowLeft/ang_vel_local_y", "elbowLeft/ang_vel_local_z", "elbowLeft/ang_vel_local_norm", "elbowLeft/pos_x_body", "elbowLeft/pos_y_body", "elbowLeft/pos_z_body", "elbowLeft_quat_body/x", "elbowLeft_quat_body/y", "elbowLeft_quat_body/z", "elbowLeft_quat_body/w", "shoulderRollRight/pos_x", "shoulderRollRight/pos_y", "shoulderRollRight/pos_z", "shoulderRollRight_quat/x", "shoulderRollRight_quat/y", "shoulderRollRight_quat/z", "shoulderRollRight_quat/w", "shoulderRollRight/vel_local_x", "shoulderRollRight/vel_local_y", "shoulderRollRight/vel_local_z", "shoulderRollRight/vel_local_norm", "shoulderRollRight/ang_vel_local_x", "shoulderRollRight/ang_vel_local_y", "shoulderRollRight/ang_vel_local_z", "shoulderRollRight/ang_vel_local_norm", "shoulderRollRight/pos_x_body", "shoulderRollRight/pos_y_body", "shoulderRollRight/pos_z_body", "shoulderRollRight_quat_body/x", "shoulderRollRight_quat_body/y", "shoulderRollRight_quat_body/z", "shoulderRollRight_quat_body/w", "elbowRight/pos_x", "elbowRight/pos_y", "elbowRight/pos_z", "elbowRight_quat/x", "elbowRight_quat/y", "elbowRight_quat/z", "elbowRight_quat/w", "elbowRight/vel_local_x", "elbowRight/vel_local_y", "elbowRight/vel_local_z", "elbowRight/vel_local_norm", "elbowRight/ang_vel_local_x", "elbowRight/ang_vel_local_y", "elbowRight/ang_vel_local_z", "elbowRight/ang_vel_local_norm", "elbowRight/pos_x_body", "elbowRight/pos_y_body", "elbowRight/pos_z_body", "elbowRight_quat_body/x", "elbowRight_quat_body/y", "elbowRight_quat_body/z", "elbowRight_quat_body/w"], "result": [[2.1214499974933867], [0.9638052049885499], [-2.688225037541772], [-0.5228607228865012], [-0.4525640202936491], [-0.4733168894412787], [0.5456863514583147], [-0.4305750479639402], [-0.023863458020070994], [-0.417827079848017], [0.7425869961537308], [-0.4585799406837422], [2.486832767747681e-17], [-0.41612891197239116], [-0.08592070874872412], [0.03216964010799395], [0.7448108386379755], [-0.4511581468543794], [2.486832767747681e-17], [0.12468214297656373], [0.20811035829578944], [-0.03386030916550171], [-0.13160850516907013], [-0.2691888678056201], [-0.5878118024266662], [0.015308256054961649], [-0.3443961692046087], [-1.4736615026003719], [-1.1408406070009127], [0.09307598177234243], [0.27477686344917435], [2.1054684936379605e-05], [2.1054684936379605e-05], [0.8480655235286612], [0.8480655235286612], [0.5850902502813399], [0.5850902502813399], [1.0466830658451876], [1.0466830658451876], [1.0997339796301127], [0.37612406815022154], [0.37612406815022154], [0.37612406815022154], [-0.42456762428508155], [-0.18689390131803413], [-0.11337694583491315], [-1.6952656491608389], [1.3669954124213366], [0.13884295225564952], [-0.053767157155319226], [0.015454890822185114], [0.015454890822185114], [0.6539160115892488], [0.6539160115892488], [0.37730254846551753], [0.37730254846551753], [0.4895213353025078], [0.4895213353025078], [0.0005634969403256793], [0.4086148750907052], [0.4086148750907052], [0.4086148750907052], [-0.005390250739882116], [0.035428209554161795], [-0.022152054016980137], [-0.012398922415637163], [-0.010731932864935926], [-0.01122405859402647], [-0.004305750479639402], [-0.00023863458020070992], [-0.0041782707984801696], [0.007425869961537308], [-0.004585799406837422], [2.486832767747681e-19], [-0.004161289119723912], [-0.0008592070874872413], [0.00032169640107993956], [0.007448108386379755], [-0.004511581468543794], [2.486832767747681e-19], [0.0012468214297656373], [0.0020811035829578946], [-0.0003386030916550171], [-0.0013160850516907012], [-0.0026918886780562014], [-0.005878118024266662], [0.00015308256054961649], [-0.003443961692046087], [-0.014736615026003718], [-0.011408406070009126], [0.0009307598177234243], [0.0027477686344917433], [2.1054684936379607e-07], [2.1054684936379607e-07], [0.008480655235286612], [0.008480655235286612], [0.005850902502813399], [0.005850902502813399], [0.010466830658451875], [0.010466830658451875], [0.010997339796301126], [0.0037612406815022152], [0.0037612406815022152], [0.0037612406815022152], [-0.004245676242850815], [-0.0018689390131803414], [-0.0011337694583491314], [-0.01695265649160839], [0.013669954124213365], [0.0013884295225564953], [-0.0005376715715531922], [0.00015454890822185114], [0.00015454890822185114], [0.006539160115892488], [0.006539160115892488], [0.003773025484655175], [0.003773025484655175], [0.004895213353025078], [0.004895213353025078], [5.634969403256794e-06], [0.004086148750907052], [0.004086148750907052], [0.004086148750907052], [2.1074509630470484], [1.137977240281089], [-2.6675086214047266], [-0.4319216400435765], [-0.42599104101899216], [-0.5029656503949652], [0.6156304771178828], [-0.002895474101912163], [0.034224423202598754], [-0.027297750810247233], [0.04387325054203048], [-0.008543812635469808], [-0.010258457621853808], [-0.012233563397149736], [0.018107809379421518], [0.010950404240434348], [-0.015901460495932964], [0.17489503406902623], [0.06019985007815308], [0.1046998832169727], [-0.010334977978616352], [0.992626365121893], [2.263184074034725], [0.8841085389338625], [-2.735546386604849], [-0.6551331763452038], [-0.46987999481451975], [-0.3096570999147235], [0.5041089090636603], [-0.0025862603926653997], [0.03584533799953428], [-0.02248224913394814], [0.04239137324079556], [-0.017912759597398187], [-0.010403668468730701], [-0.003616692068653387], [0.021028165291363452], [-0.023172509906682178], [0.14660910372922425], [-0.08153663347689873], [-0.011656008606146843], [-0.17644360753103827], [0.12043551807792831], [0.9768454723292254], [2.272594810490538], [0.49365176195047367], [-2.5710903246685852], [-0.3585657868773749], [-0.39933216493559187], [-0.5768794155024958], [0.6157714986083402], [0.0071975393669441315], [0.02644546033861853], [-0.02270356190088548], [0.035589586516950364], [-0.003680409328070685], [-0.009351357790228916], [-0.01395865094644353], [0.017199919813408248], [0.15770341579638839], [0.13051368903520666], [-0.4644409166696644], [0.054234065553072704], [0.19267825819189618], [-0.06986130353014228], [0.9772682094608375], [2.3014904371185327], [0.15979254955295158], [-2.727943979579922], [-0.48029810260096945], [-0.528837175059302], [-0.48028430766307656], [0.5088928754913014], [-0.0004938779461088668], [0.02508370888723256], [-0.025075705447710997], [0.0354715008234138], [-0.009479305662516695], [-0.013937157197066338], [-0.01088724543782207], [0.020065734469551233], [0.02116640513264375], [0.1796955560215869], [-0.8047918953353728], [0.03693614709052576], [-0.034484026574373855], [-0.08035954601323167], [0.9954842622130559], [1.9727386118655983], [0.8828713594205934], [-2.6939541173352737], [0.5547895927698151], [0.5776708900886945], [0.4645274713301718], [-0.3777817873826562], [-0.020496062620041777], [0.03277650440920892], [-0.013294535455071168], [0.04087948748672994], [-0.013428294632726878], [-0.016303331289238637], [-0.010731586678797872], [0.0236914469907294], [-0.023323844573767395], [-0.1468017266605928], [-0.08126153612135506], [-0.04202088140582419], [-0.16396479074843184], [-0.12563941115207244], [0.9775298109449456], [1.970409747509881], [0.490728860911832], [-2.529707736125492], [-0.35856022728497083], [-0.3895337308898311], [-0.6321892801950636], [0.5657161389909662], [-0.0002489749166047824], [0.0270687129645158], [-0.018009705463043677], [0.03251348490903473], [-0.0031969602243580083], [-0.008414878687248292], [-0.01710639090778349], [0.01933027024868329], [0.1557470327901895], [-0.17449614821715595], [-0.4658713076835715], [-0.0016039012182179166], [0.20429386241554298], [-0.11861448867101011], [0.9716954504151679], [1.9657385613362712], [0.15839311723635746], [-2.692284282697668], [0.49087829716465425], [0.5061989784627948], [0.5359731522725106], [-0.46425625641343893], [-0.005274464150940837], [0.02588583768150362], [-0.017456662110478763], [0.03166435877437182], [-0.010335606021947831], [-0.012926460155792085], [-0.01400087185589171], [0.02167815805656249], [0.008707802481170479], [-0.1577176039179932], [-0.8049847771908537], [-0.028093863794483802], [-0.018221874683587425], [-0.11525061491766533], [0.9927718740280733], [2.281597057395683], [1.4358345781508874], [-2.5818556612707417], [0.5048557300724104], [0.6213413017194362], [0.42007332426462785], [-0.42731028636333446], [-0.024729777708466034], [0.03305021197639563], [-0.02097911379442364], [0.04630336524264953], [-0.011385931205284468], [-0.017989564242429857], [-0.00825766687752742], [0.022835343511850112], [0.1075337891355789], [0.1458317227652657], [0.47638518759626275], [0.051912143632654444], [-0.1649891086203581], [-0.1233705274015835], [0.977171139744097], [2.3224694277533793], [1.1740912058033348], [-2.550935901012468], [0.61680882157694], [0.7519439001744139], [0.09805334688192026], [0.21098054360677782], [-0.024608912403256154], [0.021916549446435896], [0.026889408782624826], [0.042532035149852696], [-0.012096810587750403], [-0.03551403630430018], [0.0034868181559300597], [0.03767940421333099], [0.155262134048917], [0.18053586517577044], [0.2162817412670374], [-0.13536526394208234], [-0.7464855153825501], [-0.2673834789107027], [0.5940889629066918], [1.8875249016964635], [1.3820841412252887], [-2.5390778835357835], [0.6017610296432827], [0.4712177715470334], [0.4075453212605368], [-0.49974422067648744], [-0.012230341305916579], [0.04108065489797318], [-0.013541653057451645], [0.04495083784351485], [-0.015834915874129454], [-0.011213352061480258], [-0.008453211556995513], [0.021164607504576667], [0.09608156666039301], [-0.25059138203564063], [0.4241407599943391], [-0.028481175398024566], [-0.10270507032439466], [0.04009958679764367], [0.993495100298067], [1.8694846128110416], [1.1182841213351222], [-2.5253370182241714], [0.7061939702772038], [0.6906473682691658], [-0.14240773433734522], [0.0633744920918433], [-0.01204476203560974], [0.0359056242322654], [0.015061448581188646], [0.040757053099640304], [-0.007717054746377012], [-0.02988548625629914], [0.015542940857604397], [0.03455833088036824], [0.1185271391157651], [-0.27176763016709893], [0.16117217500963207], [-0.02715276298754909], [-0.8142708017342868], [0.00619933956606817], [0.5798166581722952]]}, "BoneMaps": {"Hips": [[0.9760067597396191, -0.008763603388795317, 0.217563793399116, 2.1222712707519533], [-0.009353144992058679, 0.9965800638181714, 0.08210173615050323, 0.8946584320068359], [-0.21753924616336903, -0.08216675517393404, 0.9725869116551281, -2.6796310424804686], [0.0, 0.0, 0.0, 1.0]], "RightUpLeg": [[0.9867469415257809, 0.09884230756902457, -0.12868827306303976, 2.0118032836914064], [-0.047887565603198096, 0.935127712152357, 0.3510597428149487, 0.8958370208740234], [0.155039525444696, -0.34024455939680925, 0.9274677273904222, -2.663602294921875], [0.0, 0.0, 0.0, 1.0]], "RightLeg": [[0.983573251395832, -0.01043015167937926, -0.18020785519664997, 1.9667306518554688], [-0.0730973903136437, 0.8897965817631758, -0.4504651092059217, 0.4744775390625], [0.16504675297613838, 0.45623815603094103, 0.8744177001373659, -2.511614227294922], [0.0, 0.0, 0.0, 1.0]], "RightFoot": [[0.9987362030511838, 0.018595799949172487, -0.046692536225341294, 1.9681716918945313], [-0.01875513351977348, 0.9998196762052732, -0.002976581837965127, 0.10039176940917968], [0.04662876452963258, 0.0038485447942035412, 0.9989048738600723, -2.710718688964844], [0.0, 0.0, 0.0, 1.0]], "LeftUpLeg": [[0.9967838541924727, -0.07301441255552849, 0.03302792122387128, 2.2348446655273437], [0.05735201043561219, 0.9378220338728824, 0.3423457020053321, 0.8937671661376954], [-0.05597048257959363, -0.33935045062840463, 0.9389933848212703, -2.696622009277344], [0.0, 0.0, 0.0, 1.0]], "LeftLeg": [[0.9888874270825015, -0.07022108150134124, 0.1310368508127857, 2.268621063232422], [0.12316830855835742, 0.8805782357164137, -0.4576150549855647, 0.47119792938232424], [-0.08325397483017566, 0.46866936159231715, 0.8794417576961117, -2.542536315917969], [0.0, 0.0, 0.0, 1.0]], "LeftFoot": [[0.9989260186958749, -0.02937280380085295, -0.03583360949283664, 2.302873077392578], [0.030031927469551474, 0.999386917560241, 0.0179964535924044, 0.10098602294921875], [0.03528303423562256, -0.019053278098966703, 0.9991957166085188, -2.7331784057617186], [0.0, 0.0, 0.0, 1.0]], "Spine": [[0.9793172026535238, -0.013012457410596888, 0.20191209111644184, 2.121068420410156], [0.021403292961162994, 0.99899310671977, -0.0394293263548932, 0.9754859924316406], [-0.20119571475877798, 0.04293540122695311, 0.9786096441810621, -2.685858154296875], [0.0, 0.0, 0.0, 1.0]], "Spine1": [[0.9815608564472376, -0.040179530465319704, 0.18687934723278518, 2.118230743408203], [0.07055109520767787, 0.9847819318188044, -0.15883038036918812, 1.1550371551513672], [-0.1776536744780772, 0.16908622680398971, 0.9694581062890892, -2.6778778076171874], [0.0, 0.0, 0.0, 1.0]], "Spine2": [[0.9904095350687822, -0.08671297168756763, 0.10756306701628564, 2.1126133728027345], [0.11176793026974048, 0.9605127233792523, -0.2548003885197004, 1.2806707763671874], [-0.08122119555914754, 0.2643788357030172, 0.960992689162753, -2.6562030029296877], [0.0, 0.0, 0.0, 1.0]], "Neck": [[0.9935771862354456, -0.053480870485183726, 0.09972046672876006, 2.095958404541016], [0.07009723458397729, 0.9827065248424527, -0.17138921709299182, 1.4645100402832032], [-0.08882990879277991, 0.17727854501946033, 0.9801436449723324, -2.6056509399414063], [0.0, 0.0, 0.0, 1.0]], "Neck1": [[0.9953953059652485, -0.019433643853337172, 0.09386436144208786, 2.0936318969726564], [0.026267996818349522, 0.9970490365894136, -0.07213328620874904, 1.5062774658203124], [-0.09218555855176254, 0.07426676324375375, 0.992968413733184, -2.598131103515625], [0.0, 0.0, 0.0, 1.0]], "Head": [[0.9999998478295831, 0.00019004637206404687, 0.0005179026811337849, 2.0927989196777346], [-0.00019056273423120998, 0.9999994846801692, 0.0009971585833193964, 1.548647918701172], [-0.0005177129078771306, -0.0009972571245323416, 0.999999368725587, -2.594949035644531], [0.0, 0.0, 0.0, 1.0]], "RightShoulder": [[0.9692735678785029, -0.13050070434767155, 0.20851454811796433, 2.072199249267578], [0.18413143144037866, 0.946994139575793, -0.26324459266017325, 1.4056024169921875], [-0.16310845032613847, 0.2935501077735538, 0.9419256699221763, -2.6184432983398436], [0.0, 0.0, 0.0, 1.0]], "RightArm": [[0.019991135233962787, -0.9684846947852698, 0.24826951177851148, 1.9158636474609374], [0.9851216459020703, 0.06147519008288593, 0.16048720752592427, 1.3760130310058594], [-0.1706918196260543, 0.24136734860157882, 0.9553041953963096, -2.592046813964844], [0.0, 0.0, 0.0, 1.0]], "RightForeArm": [[-0.11246137208858475, -0.8577213449573196, 0.501663766075007, 1.9099684143066407], [-0.28626071711710743, 0.51142875333183, 0.8102440571217103, 1.1002227783203125], [-0.9515288968936004, -0.052485471037771014, -0.3030479066193843, -2.544080352783203], [0.0, 0.0, 0.0, 1.0]], "RightHand": [[0.12621630060879696, -0.1842214788304799, 0.9747470914027603, 1.9388328552246095], [-0.28016687669455326, 0.9359827954522912, 0.21317299974559, 1.1753981018066406], [-0.9516175527300077, -0.2999977555829799, 0.06652352953148122, -2.297107696533203], [0.0, 0.0, 0.0, 1.0]], "RightHandThumb1": [[-0.7076879324215337, 0.1637761905133191, 0.6872809830963459, 1.9618234252929687], [-0.397234911514116, 0.7122182028717597, -0.5787483534080191, 1.1816598510742187], [-0.5842792272358371, -0.6825852261212997, -0.4389706068766188, -2.2755487060546873], [0.0, 0.0, 0.0, 1.0]], "RightHandThumb2": [[-0.4689007778625791, 0.5547764941692745, 0.6872809484025558, 1.9892233276367188], [0.10806408529008976, 0.8083146749086865, -0.578748252522356, 1.197039794921875], [-0.8766152029198923, -0.19710511876791356, -0.4389707942052663, -2.252926940917969], [0.0, 0.0, 0.0, 1.0]], "RightHandThumb3": [[-0.32776481979357186, 0.6482401533798389, 0.6872808206634102, 2.0018380737304686], [0.2922151765927178, 0.7613544458747886, -0.5787483894712626, 1.1941325378417968], [-0.8984322531357467, 0.011140524798078144, -0.438970813645565, -2.2293435668945314], [0.0, 0.0, 0.0, 1.0]], "RightInHandIndex": [[0.12621630060879696, -0.1842214788304799, 0.9747470914027603, 1.953846435546875], [-0.28016687669455326, 0.9359827954522912, 0.21317299974559, 1.1943321228027344], [-0.9516175527300077, -0.2999977555829799, 0.06652352953148122, -2.265072784423828], [0.0, 0.0, 0.0, 1.0]], "RightHandIndex1": [[-0.13389523815623927, -0.1816736525263515, 0.9742005692755569, 1.9573419189453125], [-0.30768646127227106, 0.9420904050874274, 0.1333968147743953, 1.2110421752929688], [-0.9420196955206572, -0.28188712744632666, -0.1820399424061303, -2.2118885803222654], [0.0, 0.0, 0.0, 1.0]], "RightHandIndex2": [[-0.13674461187385578, -0.1795387674899314, 0.9742005656391626, 1.9624378967285157], [-0.2927860730245132, 0.9468271246508764, 0.1333968195581822, 1.2227523803710938], [-0.9463494209679384, -0.26699106163605957, -0.18203995836106102, -2.176036376953125], [0.0, 0.0, 0.0, 1.0]], "RightHandIndex3": [[-0.13871892643050732, -0.1780176957517396, 0.9742005745477716, 1.9653883361816407], [-0.2823122207095122, 0.9500026859505315, 0.13339680177890156, 1.2290696716308593], [-0.9492401537482656, -0.2565240664850317, -0.18203992371442013, -2.155617523193359], [0.0, 0.0, 0.0, 1.0]], "RightInHandMiddle": [[0.12621630060879696, -0.1842214788304799, 0.9747470914027603, 1.9411013793945313], [-0.28016687669455326, 0.9359827954522912, 0.21317299974559, 1.1921520233154297], [-0.9516175527300077, -0.2999977555829799, 0.06652352953148122, -2.264371032714844], [0.0, 0.0, 0.0, 1.0]], "RightHandMiddle1": [[0.008934432824310279, -0.22313275373714264, 0.9747471211138752, 1.9376158142089843], [0.26042902333106005, 0.9416655717595634, 0.21317287531382728, 1.2072738647460937], [-0.9654516558155246, 0.25194786201199254, 0.06652349292278559, -2.212113342285156], [0.0, 0.0, 0.0, 1.0]], "RightHandMiddle2": [[-0.1603445823873384, -0.15542738777710485, 0.9747471169630695, 1.937244873046875], [0.8754605244797369, 0.4337351529408626, 0.21317290442509473, 1.1964593505859376], [-0.45591499753429293, 0.8875337425879379, 0.06652346045684865, -2.1720220947265627], [0.0, 0.0, 0.0, 1.0]], "RightHandMiddle3": [[-0.21841833039480862, -0.046492552607260984, 0.974747082837187, 1.9414187622070314], [0.9721229314095912, -0.09764361365828322, 0.21317300706087483, 1.1736701202392579], [0.08526687032586688, 0.9941348838381106, 0.06652363159824282, -2.160154113769531], [0.0, 0.0, 0.0, 1.0]], "RightInHandRing": [[0.12621630060879696, -0.1842214788304799, 0.9747470914027603, 1.932003173828125], [-0.28016687669455326, 0.9359827954522912, 0.21317299974559, 1.1903166198730468], [-0.9516175527300077, -0.2999977555829799, 0.06652352953148122, -2.265220489501953], [0.0, 0.0, 0.0, 1.0]], "RightHandRing1": [[0.1715281874541439, -0.3011548526262912, 0.9380212341137768, 1.9209867858886718], [0.23218172524852293, 0.937670219839672, 0.258585005919602, 1.2026783752441406], [-0.9574287061548319, 0.17343677108807692, 0.23075952648856446, -2.219112548828125], [0.0, 0.0, 0.0, 1.0]], "RightHandRing2": [[-0.023827824552066446, -0.34575766926997975, 0.9380212518477967, 1.9147792053222656], [0.7123645144188875, 0.6524343412650324, 0.2585850516460803, 1.1942757415771483], [-0.7014050423071244, 0.6743745728295623, 0.2307594031607091, -2.1844633483886717], [0.0, 0.0, 0.0, 1.0]], "RightHandRing3": [[-0.15369078564685235, -0.31