{"git_commit": "899caaf3eb676fb086b026417f75bff74e574913", "in": {"param": {"q0": [[0.0, 0.0, 0.0, 0.0, 0.0, 0.0, 1.0, 0.0, 0.0, 0.0, 0.0, 0.0, 0.0, 0.0, 0.0, 0.0, 0.0, 0.0, 0.0, 0.0, 0.0, 0.0, 0.0, 0.0, 0.0, 0.0, 0.0, 0.0, 0.0, 0.0]], "dq_vel_limit_factor": [100], "dt": [100], "root_dir_z": [0.5861071649540229, 0.012638602702026788, -0.8101349621583427], "root_dir_y": [-0.5381333325026513, -0.7414178540846413, -0.4008891144619892], "root_pos": [-0.6240507960319519, -0.3635525790798455, 0.19987530907313575], "torso_dir": [-0.028222198701089645, -0.9980527575243112, 0.05562553998474843], "shoulder_dir": [-0.5992637336227448, 0.0014102308056332632, -0.8005504286511892], "L_upper_arm_dir": [0.14915406908040305, 0.9355621359107558, 0.3201195925382621], "L_lower_arm_dir": [0.23393810906835866, 0.9508907575217104, 0.20268134691013984], "L_upper_leg_dir": [0.8924071465883695, -0.1077796486882466, -0.4381700948794228], "L_lower_leg_dir": [0.0811949276699689, 0.976778857182559, -0.19826862556088584], "L_foot_dir_front": [0.9274862971860189, -0.07726832230584268, -0.3657851485506326], "L_foot_pos": [-0.3303552269935608, -0.05493188208269168, 0.0695267891714221], "R_upper_arm_dir": [-0.24265767501261853, 0.9540113064380893, -0.1760104540808887], "R_lower_arm_dir": [-0.21806017895914023, 0.9442380434947092, -0.24670686161838157], "R_upper_leg_dir": [0.686502991425752, -0.10985681381028457, -0.7187803024728393], "R_lower_leg_dir": [0.2261585043486344, 0.9737865748372784, -0.02433182232120104], "R_foot_dir_front": [0.6533670610191125, -0.04085181170927836, -0.7559382336244921], "R_foot_pos": [-0.4067917466163635, -0.05797982025098979, -0.04364592090367173], "L_hand_dir_front": [0.10203002979160417, 0.8306330516492243, -0.547392552496489], "L_hand_dir_outside": [-0.6745037150342228, 0.10125359897513173, 0.7312950479113167], "R_hand_dir_front": [0.2904411240249706, 0.8593964161482446, -0.42081082850452517], "R_hand_dir_outside": [-0.15895311206701718, 0.054094564536448626, 0.985803066667893], "L_hand_ee_pos": [-0.4989357590675354, -0.19870420300158903, 0.45525743688817105], "R_hand_ee_pos": [-0.884496808052063, -0.19310945338792235, 0.015178314350970952], "foot_axis": [1.0, 0.0, 0.0], "left_elbow_pos": [-0.5831828117370605, -0.48330177851916983, 0.45189584169197344], "right_elbow_pos": [-0.8396744728088379, -0.4788668206160807, 0.11550910167815885]}, "weight": {"head_dir_weight": 5.0, "root_pos_weight": 100.0, "root_dir_weight": 100.0, "torso_dir_weight": 50.0, "shoulder_dir_weight": 30.0, "upper_arm_weight": 20.0, "L_upper_arm_weight": 20.0, "R_upper_arm_weight": 20.0, "lower_arm_weight": 10.0, "L_lower_arm_weight": 10.0, "R_lower_arm_weight": 10.0, "hand_dir_front_weight": 5.0, "hand_dir_outside_weight": 3.0, "finger_weight": 1.0, "upper_leg_weight": 50.0, "lower_leg_weight": 30.0, "foot_pos_weight": 10.0, "hand_pos_weight": 10.0, "L_hand_pos_weight": 10.0, "R_hand_pos_weight": 10.0, "foot_dir_x_weight": 20.0, "foot_dir_y_weight": 0.0, "joint_vel_cost_weight": 0.0010000000474974513, "default_config_cost_weight": 0.0010000000474974513, "finger_turbo_factor": 1.0, "thumb_joint1_turbo_factor": 1.0, "thumb_joint2_turbo_factor": 1.0, "thumb_joint1_turbo_bias": 0.0, "thumb_joint2_turbo_bias": 0.0}}, "out": {"q": [[-0.6400251271778167, -0.3653064165711608, 0.2069060636665888, 0.5250953451405656, 0.33359627265109487, -0.26371285215656776, 0.7371865008208268, -2.0360912311336743, -0.5154040068385947, -0.7799940828377195, 1.8781699720119223, -0.17436387001266113, 2.8427212894798254e-20, -1.618894530706138, 0.7315486059179329, 0.05344793960761483, 1.6671943268401368, -0.039234715924854724, 2.8427212894798254e-20, 0.16999978428641027, 0.0016351104293765644, 0.23461219865564675, 0.13487034631565462, 0.35796925017542836, -1.054183982683179, -0.36768537296495835, 0.10609184889564342, -0.09413903888731552, -0.8903177939580252, -0.044252947901761354]], "v": [[-0.006003956705909231, -0.004330840726441503, 0.0020007617185047125, 0.011530977185564962, 0.007325700074716035, -0.00579107567777738, -0.020360912311336743, -0.005154040068385947, -0.007799940828377196, 0.018781699720119224, -0.0017436387001266112, 2.8427212894798254e-22, -0.01618894530706138, 0.007315486059179329, 0.0005344793960761484, 0.01667194326840137, -0.00039234715924854727, 2.8427212894798254e-22, 0.0016999978428641027, 1.6351104293765643e-05, 0.0023461219865564677, 0.0013487034631565462, 0.0035796925017542833, -0.01054183982683179, -0.0036768537296495837, 0.0010609184889564343, -0.0009413903888731552, -0.008903177939580252, -0.00044252947901761354]]}, "extended": {"labels": ["root_pos/x", "root_pos/y", "root_pos/z", "root_quat/x", "root_quat/y", "root_quat/z", "root_quat/w", "dof_pos/hipPitch_Left", "dof_pos/hipRoll_Left", "dof_pos/hipYaw_Left", "dof_pos/kneePitch_Left", "dof_pos/anklePitch_Left", "dof_pos/ankleRoll_Left", "dof_pos/hipPitch_Right", "dof_pos/hipRoll_Right", "dof_pos/hipYaw_Right", "dof_pos/kneePitch_Right", "dof_pos/anklePitch_Right", "dof_pos/ankleRoll_Right", "dof_pos/waistRoll", "dof_pos/waistPitch", "dof_pos/waistYaw", "dof_pos/shoulderPitch_Left", "dof_pos/shoulderRoll_Left", "dof_pos/shoulderYaw_Left", "dof_pos/elbow_Left", "dof_pos/shoulderPitch_Right", "dof_pos/shoulderRoll_Right", "dof_pos/shoulderYaw_Right", "dof_pos/elbow_Right", "root_vel_body/x", "root_vel_body/y", "root_vel_body/z", "root_ang_vel_body/x", "root_ang_vel_body/y", "root_ang_vel_body/z", "dof_vel/hipPitch_Left", "dof_vel/hipRoll_Left", "dof_vel/hipYaw_Left", "dof_vel/kneePitch_Left", "dof_vel/anklePitch_Left", "dof_vel/ankleRoll_Left", "dof_vel/hipPitch_Right", "dof_vel/hipRoll_Right", "dof_vel/hipYaw_Right", "dof_vel/kneePitch_Right", "dof_vel/anklePitch_Right", "dof_vel/ankleRoll_Right", "dof_vel/waistRoll", "dof_vel/waistPitch", "dof_vel/waistYaw", "dof_vel/shoulderPitch_Left", "dof_vel/shoulderRoll_Left", "dof_vel/shoulderYaw_Left", "dof_vel/elbow_Left", "dof_vel/shoulderPitch_Right", "dof_vel/shoulderRoll_Right", "dof_vel/shoulderYaw_Right", "dof_vel/elbow_Right", "torso/pos_x", "torso/pos_y", "torso/pos_z", "torso_quat/x", "torso_quat/y", "torso_quat/z", "torso_quat/w", "torso/vel_local_x", "torso/vel_local_y", "torso/vel_local_z", "torso/vel_local_norm", "torso/ang_vel_local_x", "torso/ang_vel_local_y", "torso/ang_vel_local_z", "torso/ang_vel_local_norm", "torso/pos_x_body", "torso/pos_y_body", "torso/pos_z_body", "torso_quat_body/x", "torso_quat_body/y", "torso_quat_body/z", "torso_quat_body/w", "hipRollLeft/pos_x", "hipRollLeft/pos_y", "hipRollLeft/pos_z", "hipRollLeft_quat/x", "hipRollLeft_quat/y", "hipRollLeft_quat/z", "hipRollLeft_quat/w", "hipRollLeft/vel_local_x", "hipRollLeft/vel_local_y", "hipRollLeft/vel_local_z", "hipRollLeft/vel_local_norm", "hipRollLeft/ang_vel_local_x", "hipRollLeft/ang_vel_local_y", "hipRollLeft/ang_vel_local_z", "hipRollLeft/ang_vel_local_norm", "hipRollLeft/pos_x_body", "hipRollLeft/pos_y_body", "hipRollLeft/pos_z_body", "hipRollLeft_quat_body/x", "hipRollLeft_quat_body/y", "hipRollLeft_quat_body/z", "hipRollLeft_quat_body/w", "shinLeft/pos_x", "shinLeft/pos_y", "shinLeft/pos_z", "shinLeft_quat/x", "shinLeft_quat/y", "shinLeft_quat/z", "shinLeft_quat/w", "shinLeft/vel_local_x", "shinLeft/vel_local_y", "shinLeft/vel_local_z", "shinLeft/vel_local_norm", "shinLeft/ang_vel_local_x", "shinLeft/ang_vel_local_y", "shinLeft/ang_vel_local_z", "shinLeft/ang_vel_local_norm", "shinLeft/pos_x_body", "shinLeft/pos_y_body", "shinLeft/pos_z_body", "shinLeft_quat_body/x", "shinLeft_quat_body/y", "shinLeft_quat_body/z", "shinLeft_quat_body/w", "anklePitchLeft/pos_x", "anklePitchLeft/pos_y", "anklePitchLeft/pos_z", "anklePitchLeft_quat/x", "anklePitchLeft_quat/y", "anklePitchLeft_quat/z", "anklePitchLeft_quat/w", "anklePitchLeft/vel_local_x", "anklePitchLeft/vel_local_y", "anklePitchLeft/vel_local_z", "anklePitchLeft/vel_local_norm", "anklePitchLeft/ang_vel_local_x", "anklePitchLeft/ang_vel_local_y", "anklePitchLeft/ang_vel_local_z", "anklePitchLeft/ang_vel_local_norm", "anklePitchLeft/pos_x_body", "anklePitchLeft/pos_y_body", "anklePitchLeft/pos_z_body", "anklePitchLeft_quat_body/x", "anklePitchLeft_quat_body/y", "anklePitchLeft_quat_body/z", "anklePitchLeft_quat_body/w", "hipRollRight/pos_x", "hipRollRight/pos_y", "hipRollRight/pos_z", "hipRollRight_quat/x", "hipRollRight_quat/y", "hipRollRight_quat/z", "hipRollRight_quat/w", "hipRollRight/vel_local_x", "hipRollRight/vel_local_y", "hipRollRight/vel_local_z", "hipRollRight/vel_local_norm", "hipRollRight/ang_vel_local_x", "hipRollRight/ang_vel_local_y", "hipRollRight/ang_vel_local_z", "hipRollRight/ang_vel_local_norm", "hipRollRight/pos_x_body", "hipRollRight/pos_y_body", "hipRollRight/pos_z_body", "hipRollRight_quat_body/x", "hipRollRight_quat_body/y", "hipRollRight_quat_body/z", "hipRollRight_quat_body/w", "shinRight/pos_x", "shinRight/pos_y", "shinRight/pos_z", "shinRight_quat/x", "shinRight_quat/y", "shinRight_quat/z", "shinRight_quat/w", "shinRight/vel_local_x", "shinRight/vel_local_y", "shinRight/vel_local_z", "shinRight/vel_local_norm", "shinRight/ang_vel_local_x", "shinRight/ang_vel_local_y", "shinRight/ang_vel_local_z", "shinRight/ang_vel_local_norm", "shinRight/pos_x_body", "shinRight/pos_y_body", "shinRight/pos_z_body", "shinRight_quat_body/x", "shinRight_quat_body/y", "shinRight_quat_body/z", "shinRight_quat_body/w", "anklePitchRight/pos_x", "anklePitchRight/pos_y", "anklePitchRight/pos_z", "anklePitchRight_quat/x", "anklePitchRight_quat/y", "anklePitchRight_quat/z", "anklePitchRight_quat/w", "anklePitchRight/vel_local_x", "anklePitchRight/vel_local_y", "anklePitchRight/vel_local_z", "anklePitchRight/vel_local_norm", "anklePitchRight/ang_vel_local_x", "anklePitchRight/ang_vel_local_y", "anklePitchRight/ang_vel_local_z", "anklePitchRight/ang_vel_local_norm", "anklePitchRight/pos_x_body", "anklePitchRight/pos_y_body", "anklePitchRight/pos_z_body", "anklePitchRight_quat_body/x", "anklePitchRight_quat_body/y", "anklePitchRight_quat_body/z", "anklePitchRight_quat_body/w", "shoulderRollLeft/pos_x", "shoulderRollLeft/pos_y", "shoulderRollLeft/pos_z", "shoulderRollLeft_quat/x", "shoulderRollLeft_quat/y", "shoulderRollLeft_quat/z", "shoulderRollLeft_quat/w", "shoulderRollLeft/vel_local_x", "shoulderRollLeft/vel_local_y", "shoulderRollLeft/vel_local_z", "shoulderRollLeft/vel_local_norm", "shoulderRollLeft/ang_vel_local_x", "shoulderRollLeft/ang_vel_local_y", "shoulderRollLeft/ang_vel_local_z", "shoulderRollLeft/ang_vel_local_norm", "shoulderRollLeft/pos_x_body", "shoulderRollLeft/pos_y_body", "shoulderRollLeft/pos_z_body", "shoulderRollLeft_quat_body/x", "shoulderRollLeft_quat_body/y", "shoulderRollLeft_quat_body/z", "shoulderRollLeft_quat_body/w", "elbowLeft/pos_x", "elbowLeft/pos_y", "elbowLeft/pos_z", "elbowLeft_quat/x", "elbowLeft_quat/y", "elbowLeft_quat/z", "elbowLeft_quat/w", "elbowLeft/vel_local_x", "elbowLeft/vel_local_y", "elbowLeft/vel_local_z", "elbowLeft/vel_local_norm", "elbowLeft/ang_vel_local_x", "elbowLeft/ang_vel_local_y", "elbowLeft/ang_vel_local_z", "elbowLeft/ang_vel_local_norm", "elbowLeft/pos_x_body", "elbowLeft/pos_y_body", "elbowLeft/pos_z_body", "elbowLeft_quat_body/x", "elbowLeft_quat_body/y", "elbowLeft_quat_body/z", "elbowLeft_quat_body/w", "EE_L_hand/pos_x", "EE_L_hand/pos_y", "EE_L_hand/pos_z", "EE_L_hand_quat/x", "EE_L_hand_quat/y", "EE_L_hand_quat/z", "EE_L_hand_quat/w", "EE_L_hand/vel_local_x", "EE_L_hand/vel_local_y", "EE_L_hand/vel_local_z", "EE_L_hand/vel_local_norm", "EE_L_hand/ang_vel_local_x", "EE_L_hand/ang_vel_local_y", "EE_L_hand/ang_vel_local_z", "EE_L_hand/ang_vel_local_norm", "EE_L_hand/pos_x_body", "EE_L_hand/pos_y_body", "EE_L_hand/pos_z_body", "EE_L_hand_quat_body/x", "EE_L_hand_quat_body/y", "EE_L_hand_quat_body/z", "EE_L_hand_quat_body/w", "shoulderRollRight/pos_x", "shoulderRollRight/pos_y", "shoulderRollRight/pos_z", "shoulderRollRight_quat/x", "shoulderRollRight_quat/y", "shoulderRollRight_quat/z", "shoulderRollRight_quat/w", "shoulderRollRight/vel_local_x", "shoulderRollRight/vel_local_y", "shoulderRollRight/vel_local_z", "shoulderRollRight/vel_local_norm", "shoulderRollRight/ang_vel_local_x", "shoulderRollRight/ang_vel_local_y", "shoulderRollRight/ang_vel_local_z", "shoulderRollRight/ang_vel_local_norm", "shoulderRollRight/pos_x_body", "shoulderRollRight/pos_y_body", "shoulderRollRight/pos_z_body", "shoulderRollRight_quat_body/x", "shoulderRollRight_quat_body/y", "shoulderRollRight_quat_body/z", "shoulderRollRight_quat_body/w", "elbowRight/pos_x", "elbowRight/pos_y", "elbowRight/pos_z", "elbowRight_quat/x", "elbowRight_quat/y", "elbowRight_quat/z", "elbowRight_quat/w", "elbowRight/vel_local_x", "elbowRight/vel_local_y", "elbowRight/vel_local_z", "elbowRight/vel_local_norm", "elbowRight/ang_vel_local_x", "elbowRight/ang_vel_local_y", "elbowRight/ang_vel_local_z", "elbowRight/ang_vel_local_norm", "elbowRight/pos_x_body", "elbowRight/pos_y_body", "elbowRight/pos_z_body", "elbowRight_quat_body/x", "elbowRight_quat_body/y", "elbowRight_quat_body/z", "elbowRight_quat_body/w", "EE_R_hand/pos_x", "EE_R_hand/pos_y", "EE_R_hand/pos_z", "EE_R_hand_quat/x", "EE_R_hand_quat/y", "EE_R_hand_quat/z", "EE_R_hand_quat/w", "EE_R_hand/vel_local_x", "EE_R_hand/vel_local_y", "EE_R_hand/vel_local_z", "EE_R_hand/vel_local_norm", "EE_R_hand/ang_vel_local_x", "EE_R_hand/ang_vel_local_y", "EE_R_hand/ang_vel_local_z", "EE_R_hand/ang_vel_local_norm", "EE_R_hand/pos_x_body", "EE_R_hand/pos_y_body", "EE_R_hand/pos_z_body", "EE_R_hand_quat_body/x", "EE_R_hand_quat_body/y", "EE_R_hand_quat_body/z", "EE_R_hand_quat_body/w", "EE_L_foot/pos_x", "EE_L_foot/pos_y", "EE_L_foot/pos_z", "EE_L_foot_quat/x", "EE_L_foot_quat/y", "EE_L_foot_quat/z", "EE_L_foot_quat/w", "EE_L_foot/vel_local_x", "EE_L_foot/vel_local_y", "EE_L_foot/vel_local_z", "EE_L_foot/vel_local_norm", "EE_L_foot/ang_vel_local_x", "EE_L_foot/ang_vel_local_y", "EE_L_foot/ang_vel_local_z", "EE_L_foot/ang_vel_local_norm", "EE_L_foot/pos_x_body", "EE_L_foot/pos_y_body", "EE_L_foot/pos_z_body", "EE_L_foot_quat_body/x", "EE_L_foot_quat_body/y", "EE_L_foot_quat_body/z", "EE_L_foot_quat_body/w", "L_foot_end/pos_x", "L_foot_end/pos_y", "L_foot_end/pos_z", "L_foot_end_quat/x", "L_foot_end_quat/y", "L_foot_end_quat/z", "L_foot_end_quat/w", "L_foot_end/vel_local_x", "L_foot_end/vel_local_y", "L_foot_end/vel_local_z", "L_foot_end/vel_local_norm", "L_foot_end/ang_vel_local_x", "L_foot_end/ang_vel_local_y", "L_foot_end/ang_vel_local_z", "L_foot_end/ang_vel_local_norm", "L_foot_end/pos_x_body", "L_foot_end/pos_y_body", "L_foot_end/pos_z_body", "L_foot_end_quat_body/x", "L_foot_end_quat_body/y", "L_foot_end_quat_body/z", "L_foot_end_quat_body/w", "L_foot_tip/pos_x", "L_foot_tip/pos_y", "L_foot_tip/pos_z", "L_foot_tip_quat/x", "L_foot_tip_quat/y", "L_foot_tip_quat/z", "L_foot_tip_quat/w", "L_foot_tip/vel_local_x", "L_foot_tip/vel_local_y", "L_foot_tip/vel_local_z", "L_foot_tip/vel_local_norm", "L_foot_tip/ang_vel_local_x", "L_foot_tip/ang_vel_local_y", "L_foot_tip/ang_vel_local_z", "L_foot_tip/ang_vel_local_norm", "L_foot_tip/pos_x_body", "L_foot_tip/pos_y_body", "L_foot_tip/pos_z_body", "L_foot_tip_quat_body/x", "L_foot_tip_quat_body/y", "L_foot_tip_quat_body/z", "L_foot_tip_quat_body/w", "EE_R_foot/pos_x", "EE_R_foot/pos_y", "EE_R_foot/pos_z", "EE_R_foot_quat/x", "EE_R_foot_quat/y", "EE_R_foot_quat/z", "EE_R_foot_quat/w", "EE_R_foot/vel_local_x", "EE_R_foot/vel_local_y", "EE_R_foot/vel_local_z", "EE_R_foot/vel_local_norm", "EE_R_foot/ang_vel_local_x", "EE_R_foot/ang_vel_local_y", "EE_R_foot/ang_vel_local_z", "EE_R_foot/ang_vel_local_norm", "EE_R_foot/pos_x_body", "EE_R_foot/pos_y_body", "EE_R_foot/pos_z_body", "EE_R_foot_quat_body/x", "EE_R_foot_quat_body/y", "EE_R_foot_quat_body/z", "EE_R_foot_quat_body/w", "R_foot_end/pos_x", "R_foot_end/pos_y", "R_foot_end/pos_z", "R_foot_end_quat/x", "R_foot_end_quat/y", "R_foot_end_quat/z", "R_foot_end_quat/w", "R_foot_end/vel_local_x", "R_foot_end/vel_local_y", "R_foot_end/vel_local_z", "R_foot_end/vel_local_norm", "R_foot_end/ang_vel_local_x", "R_foot_end/ang_vel_local_y", "R_foot_end/ang_vel_local_z", "R_foot_end/ang_vel_local_norm", "R_foot_end/pos_x_body", "R_foot_end/pos_y_body", "R_foot_end/pos_z_body", "R_foot_end_quat_body/x", "R_foot_end_quat_body/y", "R_foot_end_quat_body/z", "R_foot_end_quat_body/w", "R_foot_tip/pos_x", "R_foot_tip/pos_y", "R_foot_tip/pos_z", "R_foot_tip_quat/x", "R_foot_tip_quat/y", "R_foot_tip_quat/z", "R_foot_tip_quat/w", "R_foot_tip/vel_local_x", "R_foot_tip/vel_local_y", "R_foot_tip/vel_local_z", "R_foot_tip/vel_local_norm", "R_foot_tip/ang_vel_local_x", "R_foot_tip/ang_vel_local_y", "R_foot_tip/ang_vel_local_z", "R_foot_tip/ang_vel_local_norm", "R_foot_tip/pos_x_body", "R_foot_tip/pos_y_body", "R_foot_tip/pos_z_body", "R_foot_tip_quat_body/x", "R_foot_tip_quat_body/y", "R_foot_tip_quat_body/z", "R_foot_tip_quat_body/w"], "result": [[-0.6400251271778167], [-0.3653064165711608], [0.2069060636665888], [0.5250953451405656], [0.33359627265109487], [-0.26371285215656776], [0.7371865008208268], [-2.0360912311336743], [-0.5154040068385947], [-0.7799940828377195], [1.8781699720119223], [-0.17436387001266113], [2.8427212894798254e-20], [-1.618894530706138], [0.7315486059179329], [0.05344793960761483], [1.6671943268401368], [-0.039234715924854724], [2.8427212894798254e-20], [0.16999978428641027], [0.0016351104293765644], [0.23461219865564675], [0.13487034631565462], [0.35796925017542836], [-1.054183982683179], [-0.36768537296495835], [0.10609184889564342], [-0.09413903888731552], [-0.8903177939580252], [-0.044252947901761354], [-0.006003956705909231], [-0.004330840726441503], [0.0020007617185047125], [0.011530977185564962], [0.007325700074716035], [-0.00579107567777738], [-0.020360912311336743], [-0.005154040068385947], [-0.007799940828377196], [0.018781699720119224], [-0.0017436387001266112], [2.8427212894798254e-22], [-0.01618894530706138], [0.007315486059179329], [0.0005344793960761484], [0.01667194326840137], [-0.00039234715924854727], [2.8427212894798254e-22], [0.0016999978428641027], [1.6351104293765643e-05], [0.0023461219865564677], [0.0013487034631565462], [0.0035796925017542833], [-0.01054183982683179], [-0.0036768537296495837], [0.0010609184889564343], [-0.0009413903888731552], [-0.008903177939580252], [-0.00044252947901761354], [-0.6185945001098557], [-0.5385528402274414], [0.23325688881314977], [0.6183432238472528], [0.23984641677721075], [-0.20788645074171008], [0.7189635439153595], [-0.0061579963991775285], [-0.004892804484300675], [0.002788601626556473], [0.008344863953684903], [0.01433400706662748], [0.003006912093855927], [-0.004579208404269565], [0.015345176067286963], [8.666081414110925e-05], [-0.022008419761314804], [0.17516730009232653], [0.0844094297127545], [-0.00912717013359946], [0.11668359926831852], [0.9895335671935087], [-0.5491650915778876], [-0.2356092373340562], [0.26097553052819344], [0.05555502599310796], [-0.5386034559009303], [-0.2915625000252298], [0.7885501030102765], [0.0035006542083127388], [-0.004330580556764752], [0.0047207632642791335], [0.007300281750876056], [-0.010812103100609526], [-0.011947278688676906], [-0.008963966952218945], [0.01843886506929309], [0.011441502531906594], [0.13964193626796434], [-0.09148569982858708], [-0.13380875649567034], [-0.7985561093729958], [0.2943659747375597], [0.5076928498461964], [-0.18281491612751755], [-0.36174316647373606], [0.09203989455071454], [0.6108332512816836], [0.21742870139958287], [-0.129564154307737], [0.750213722118477], [-0.008607492048727496], [-0.0005954877623365034], [0.009859436312794182], [0.01310160331600847], [0.01576166567385985], [0.00268428373375057], [0.005754193196854477], [0.016992534340837338], [0.3800260573368145], [0.2703325442934855], [0.06891024516078408], [0.04224766971183288], [0.003068046735842311], [0.1919289516749684], [0.9804942626053934], [-0.24495708342030584], [-0.0017875913596823723], [0.033130345337824], [0.5972319942290752], [0.15128065909959545], [-0.18225826736253514], [0.7662963077227767], [-0.007744671219586089], [0.005236328536991641], [0.011375480277555815], [0.014724150922612122], [0.016520920186375167], [0.0009406450336239586], [0.002932582540471765], [0.01680552460474054], [0.3717996599833178], [0.30055025986121325], [-0.2997619887441444], [0.05879876438505255], [-0.08231674748726314], [0.18752144782377173], [0.9770375453358923], [-0.7614541090193504], [-0.3190807314811579], [0.10217432324319797], [0.276408452214867], [-0.27561977204056987], [-0.750467133520421], [0.5333209074376594], [0.002553219150966661], [-0.0015835173766009032], [0.00720600991437498], [0.00780724241976195], [-0.0021742070063272174], [-0.01474627952356052], [-0.00938051734921617], [0.017611758618385848], [0.0012260313476914197], [-0.1381039192558028], [-0.09368219349772583], [0.24675776840904684], [-0.702271379354516], [-0.1756551738104965], [0.6442598647928467], [-0.4514139725274073], [-0.41919534254829727], [-0.17085275698438532], [0.7256518915269912], [0.21937676345648885], [-0.2956024373959671], [0.581310903892417], [-0.008571853358985476], [-0.0033769789695275026], [0.008127387999384094], [0.012285564401406808], [0.009089757613811148], [0.002062873013645697], [-0.0020937278179151376], [0.009553158363796608], [0.41288963236682413], [-0.1032545398282246], [0.006368835843003524], [0.2704565283293199], [0.003942703922501497], [0.062266078929756885], [0.9607084140281819], [-0.3870499837753261], [-0.05905387195747247], [-0.11557710128859044], [0.7197136989103351], [0.20793149958986962], [-0.30978001916188924], [0.5855023678920276], [-0.009009138274882346], [-1.3768652417377875e-05], [0.008487299980167272], [0.012377359289650069], [0.009000636551113484], [0.00167052585439715], [-0.0024486590877681198], [0.009476183107325373], [0.3976248706512552], [0.08883789077585878], [-0.3094910779706716], [0.27162590626779565], [-0.014903406767752907], [0.05694879582075096], [0.9606009005645789], [-0.4479402881307454], [-0.7735567788811836], [0.405386161903465], [0.7513304775289537], [0.23924729841502457], [-0.1974377774746666], [0.5824788131452427], [-0.005499611226171532], [-0.006371050039826148], [0.00763579860548476], [0.011364040768693313], [0.01850040952669788], [0.0025781069717629593], [-0.0033787615181081043], [0.018982302747813148], [-0.014269291135353496], [0.13438073772465575], [0.47402267643351825], [0.25078569147432744], [0.07651896302039175], [0.13307208892655484], [0.9557945408918961], [-0.4785409802394415], [-0.5305248721848888], [0.5184245055867868], [0.43533625313455815], [0.5009836620193379], [-0.552534354487634], [0.504185981764062], [0.0009018585190303072], [-0.005961667840730048], [0.00839131301577972], [0.010332906965628625], [0.0014315950593887057], [0.01368262878912194], [-0.015469125129900795], [0.020701633444718873], [-0.13005587329931056], [0.25459502734631034], [0.262077945113802], [0.10838586779307156], [0.025794375922579615], [-0.3921981816219198], [0.9131088325966227], [-0.4559218686094679], [-0.1769156314341377], [0.49782012147203564], [0.43533625313455815], [0.5009836620193379], [-0.552534354487634], [0.504185981764062], [-0.003485871114448654], [-0.005069729816024254], [0.008774179194700348], [0.010716327653386922], [0.0014315950593887057], [0.01368262878912194], [-0.015469125129900795], [0.020701633444718873], [-0.1133805487419666], [0.36841581843701465], [-0.07369343702945555], [0.10838586779307156], [0.025794375922579615], [-0.3921981816219198], [0.9131088325966227], [-0.6888001227806729], [-0.8346979847318631], [0.0859286237231292], [0.5897495006171652], [0.2951578596238626], [-0.1761313593136457], [0.7307907420666957], [-0.005896626390650865], [-0.009013482662608534], [-0.0017054084674962113], [0.010905113045772274], [0.013658781866580613], [0.004838091586653039], [-0.0030571935939426413], [0.014809317504548216], [0.07992996090414764], [-0.2536838181417569], [0.4081650489625204], [0.031940397755922785], [0.0368360880412911], [0.10462946749636892], [0.9933154524824598], [-0.7659391856664308], [-0.5859173780225344], [0.046816285879534514], [0.39460005928788705], [0.5072972019940191], [-0.48249393625445747], [0.5950965833683762], [-0.00017873171097295066], [-0.009001187871972866], [-0.001863905111192338], [0.00919388222649103], [0.004299275702687906], [0.013218013670379787], [-0.012162472149826624], [0.01846958001020537], [0.05118755150447575], [-0.25711190007661056], [0.14637482296984572], [0.0055887777766921555], [0.026156434245270352], [-0.3334956896295399], [0.9423721300574699], [-0.8729040926231241], [-0.2494280622954136], [0.01063467340524088], [0.39460005928788705], [0.5072972019940191], [-0.48249393625445747], [0.5950965833683762], [-0.005189999191520037], [-0.007179911672748639], [-0.0016559841269594487], [0.009012741351286657], [0.004299275702687906], [0.013218013670379787], [-0.012162472149826624], [0.01846958001020537], [-0.0022212331338881397], [-0.2536900951015074], [-0.20449759397706277], [0.0055887777766921555], [0.026156434245270352], [-0.3334956896295399], [0.9423721300574699], [-0.24495708342030584], [-0.0017875913596823723], [0.033130345337824], [0.5972319942290752], [0.15128065909959545], [-0.18225826736253514], [0.7662963077227767], [-0.007744671219586089], [0.005236328536991641], [0.011375480277555815], [0.014724150922612122], [0.016520920186375167], [0.0009406450336239586], [0.002932582540471765], [0.01680552460474054], [0.3717996599833178], [0.30055025986121325], [-0.2997619887441444], [0.05879876438505255], [-0.08231674748726314], [0.18752144782377173], [0.9770375453358923], [-0.26807168219043503], [0.06375786499059242], [0.02871350534409956], [-0.7662971001264641], [0.1822580666439683], [0.15128090091880134], [0.5972309775105192], [-0.007805813146771646], [-0.006236843537311764], [-0.011399012953460902], [0.01515804843983519], [0.016520920186375167], [-0.0009406372517495492], [-0.0029325850365475004], [0.01680552460474054], [0.3579187450509014], [0.30110650955128354], [-0.3680042834514688], [0.9770376233489327], [0.18752133860616618], [0.08231699628969068], [-0.05879746805657178], [-0.09584000076020036], [0.04462396019809828], [-0.05849969089996621], [-0.7662971001264641], [0.1822580666439683], [0.15128090091880134], [0.5972309775105192], [-0.007805813146771646], [-0.00680576503440198], [-0.011216529326621488], [0.015266292500825522], [0.016520920186375167], [-0.0009406372517495492], [-0.0029325850365475004], [0.01680552460474054], [0.535645893010309], [0.3703161539024633], [-0.33252068150637193], [0.9770376233489327], [0.18752133860616618], [0.08231699628969068], [-0.05879746805657178], [-0.3870499837753261], [-0.05905387195747247], [-0.11557710128859044], [0.7197136989103351], [0.20793149958986962], [-0.30978001916188924], [0.5855023678920276], [-0.009009138274882346], [-1.3768652417377875e-05], [0.008487299980167272], [0.012377359289650069], [0.009000636551113484], [0.00167052585439715], [-0.0024486590877681198], [0.009476183107325373], [0.3976248706512552], [0.08883789077585878], [-0.3094910779706716], [0.27162590626779565], [-0.014903406767752907], [0.05694879582075096], [0.9606009005645789], [-0.3919329153865043], [0.0056873401949571745], [-0.09038320464843864], [-0.5855033228039751], [0.3097797432791642], [0.20793191060423513], [0.7197129220681477], [-0.009117722455418161], [-0.0006324665679621153], [-0.00852906480486406], [0.012501112877628022], [0.009000636551113484], [-0.0016705323521280311], [0.0024486546548691417], [0.009476183107325373], [0.3726483039944898], [0.12033551187882657], [-0.36635997089900313], [0.9606012609555996], [0.056948776046936773], [0.014903482327111455], [-0.271624631747184], [-0.2519421928784337], [-0.006622264794431704], [-0.22412576046622457], [-0.5855033228039751], [0.3097797432791642], [0.20793191060423513], [0.7197129220681477], [-0.009117722455418161], [-0.00015742756491750182], [-0.00820498152855122], [0.012267003223937749], [0.009000636551113484], [-0.0016705323521280311], [0.0024486546548691417], [0.009476183107325373], [0.5653037765655469], [0.13999039419333123], [-0.35480339313456033], [0.9606012609555996], [0.056948776046936773], [0.014903482327111455], [-0.271624631747184]]}, "BoneMaps": {"BodyRoot": [[0.9933913689342295, 0.11477625245222799, 0.0, -0.6240507960319519], [5.017029337035994e-09, -4.3422515848178234e-08, -1.0, 2.296817511631003e-07], [-0.11477625245222799, 0.9933913689342295, -4.371138828673793e-08, 0.19987532496453372], [0.0, 0.0, 0.0, 1.0]], "BodyHips": [[0.5861071649540229, 0.6057152034076317, -0.5381333325026513, -0.6240507960319519], [0.012638602702026788, -0.6709246093014235, -0.7414178540846413, -0.3635525790798455], [-0.8101349621583427, 0.42774906311362587, -0.4008891144619892, 0.19987530907313575], [0.0, 0.0, 0.0, 1.0]], "BodySpineLower": [[0.5954576445084223, 0.5521496865991264, -0.583575973790018, -0.6472264528274536], [0.025718459003226966, -0.7391235293110864, -0.6730787244336466, -0.35537369005573644], [-0.80297494012141, 0.3857811970628059, -0.4543171948427758, 0.21651457186846682], [0.0, 0.0, 0.0, 1.0]], "BodySpineMiddle": [[0.5964378086764406, 0.23155321107537297, -0.7685343524019791, -0.6850817799568176], [0.03226551481301406, -0.9636278264509055, -0.26529294872528464, -0.426347087683446], [-0.8020105217109673, 0.1334335884632838, -0.5822152527499729, 0.2468599788746874], [0.0, 0.0, 0.0, 1.0]], "BodySpineUpper": [[0.5979666182994736, 0.13752513621484308, -0.7896345739065511, -0.714715301990509], [0.02773636516435929, -0.9881305281357102, -0.15109187077309555, -0.5042747974095775], [-0.8010409586575222, 0.06844630213045358, -0.5946835177451169, 0.2720327752940274], [0.0, 0.0, 0.0, 1.0]], "BodyChest": [[0.598083838858342, 0.1260915187751548, -0.7914522415088883, -0.7187522053718567], [0.015171353534599365, -0.9891500308518273, -0.14612339476537972, -0.6470362666447043], [-0.8012899298808129, 0.07538663912660888, -0.5935076266677608, 0.2799894526894371], [0.0, 0.0, 0.0, 1.0]], "BodyNeck": [[0.6260587798214452, -0.2268853294529637, -0.7460385053651746, -0.693645715713501], [-0.027303499491122984, -0.9625261029727503, 0.2698110820771294, -0.7445378418530709], [-0.7792977114838865, -0.14854813487591537, -0.6087926810506732, 0.2630958827727532], [0.0, 0.0, 0.0, 1.0]], "BodyHead": [[0.6260587290627844, 0.1384589350825326, -0.767384904112729, -0.6830231547355652], [-0.027303535257135907, -0.9796136958406203, -0.19902644016297155, -0.7972539177733681], [-0.7792977510084028, 0.14555456096355598, -0.6095152869747843, 0.2527151355343783], [0.0, 0.0, 0.0, 1.0]], "BodyLeftShoulder": [[-0.04622133391909755, 0.12981054978777468, -0.9904609075852187, -0.6468229293823242], [0.9799419657000151, 0.19830291913558235, -0.019740722436099166, -0.699073206585106], [0.19384873523118917, -0.9715066512516033, -0.13637263077012918, 0.2545708708364305], [0.0, 0.0, 0.0, 1.0]], "BodyLeftScapula": [[0.03210352880932432, -0.7329492293577846, -0.6795254157291092, -0.6213099956512451], [0.9690036972036686, 0.1894468722368704, -0.15856139948073655, -0.7019606996027079], [0.24495142017063656, -0.6533722597290901, 0.7163124262309658, 0.38282355578025223], [0.0, 0.0, 0.0, 1.0]], "BodyLeftArmUpper": [[-0.8297640233572197, 0.3507752524737891, -0.43410642450209014, -0.6141414642333984], [0.2945153939027618, 0.9358942405049349, 0.19329421446073897, -0.677488522688915], [0.47408052933688494, 0.03253756047466332, -0.8798800820918828, 0.38545131702185537], [0.0, 0.0, 0.0, 1.0]], "BodyLeftArmLower": [[-0.829763976097539, 0.3094380218745738, -0.46447804532523757, -0.5831828117370605], [0.2945155149477739, 0.9496879598736206, 0.10655228916419271, -0.48330177851916983], [0.4740805368561874, -0.04838273958172241, -0.8791511559935062, 0.45189584169197344], [0.0, 0.0, 0.0, 1.0]], "BodyLeftHandWristTwist": [[-0.644416355687512, 0.2160967381950375, -0.7335051194530895, -0.5454586744308472], [0.23736723274723165, 0.9683828207736367, 0.07675616749433296, -0.3050012807156793], [0.7269005140597635, -0.12464715067726916, -0.6753360130243993, 0.5002261862948941], [0.0, 0.0, 0.0, 1.0]], "BodyRightShoulder": [[-0.17051153369707417, 0.7975713363336362, 0.5786240405783791, -0.6729740500450134], [-0.977918164164107, -0.20898816284248764, -0.00010949715395682782, -0.6997330284712552], [0.12083824342556629, -0.5658656300312829, 0.8155943891881093, 0.21953390460294545], [0.0, 0.0, 0.0, 1.0]], "BodyRightScapula": [[-0.24723508150054707, 0.9196843456825394, -0.30505002668725784, -0.7888869047164917], [-0.9667234454450314, -0.2127659125805372, 0.1420438188400342, -0.7015663454874539], [0.06573122927731445, 0.3300172279597697, 0.9416836171174715, 0.15895923885718197], [0.0, 0.0, 0.0, 1.0]], "BodyRightArmUpper": [[-0.6546064828030496, 0.16206830964888774, 0.7383929954162435, -0.7893087863922119], [-0.29492401782385724, -0.9541022873501315, -0.05204468257067201, -0.6768800682723843], [0.6960676521595114, -0.25183861554734, 0.6723593796001854, 0.15204158446826635], [0.0, 0.0, 0.0, 1.0]], "BodyRightArmLower": [[-0.6546065034080502, 0.17902618351306465, 0.734465759115177, -0.8396744728088379], [-0.2949240641407043, -0.9550476306980857, -0.030063590748690344, -0.4788668206160807], [0.6960676131573839, -0.23629144867032645, 0.6779795197486891, 0.11550910167815885], [0.0, 0.0, 0.0, 1.0]], "BodyRightHandWristTwist": [[-0.9793412423802339, 0.1695773778795934, -0.11015554404850059, -0.8848011493682861], [-0.18184630650394834, -0.9768168666682154, 0.1129634002824083, -0.29938578952959466], [-0.08844575616733524, 0.1306610956022223, 0.9874740636148461, 0.07945470693372585], [0.0, 0.0, 0.0, 1.0]], "BodyLeftHandPalm": [[-0.3361558011645065, -0.010061710769231902, 0.9417526423216688, -0.5203385949134827], [0.4772746244362516, 0.8602150303702022, 0.17955231659443718, -0.25099518006470745], [-0.8119163812934713, 0.5098321915116683, -0.2843640734792742, 0.4784917125660982], [0.0, 0.0, 0.0, 1.0]], "BodyLeftHandWrist": [[-0.3361558011645065, -0.010061710769231902, 0.9417526423216688, -0.5346071720123291], [0.4772746244362516, 0.8602150303702022, 0.17955231659443718, -0.28585585130833463], [-0.8119163812934713, 0.5098321915116683, -0.2843640734792742, 0.4939812296847154], [0.0, 0.0, 0.0, 1.0]], "BodyLeftHandThumbMetacarpal": [[0.9752073446960926, -0.14766606102339114, -0.16481920177161544, -0.5334795713424683], [0.22124310346940168, 0.6347655641831429, 0.7403540826486242, -0.25820436053065754], [-0.004703617546533787, -0.7584638507859781, 0.6516981379694771, 0.4483020192768843], [0.0, 0.0, 0.0, 1.0]], "BodyLeftHandThumbProximal": [[0.9543927578850144, -0.2712471440653277, 0.1247375265629376, -0.5383344888687134], [0.23152107469851604, 0.9362081716252989, 0.2644092497483027, -0.23624541219995546], [-0.18850054553523318, -0.22347090687250437, 0.9563097291748638, 0.4220159546582797], [0.0, 0.0, 0.0, 1.0]], "BodyLeftHandThumbDistal": [[0.9539401031741658, -0.29983314166535235, -0.009917999553676698, -0.5443002581596375], [0.2996546348274449, 0.9507508369606483, 0.07924610933704708, -0.20258321173897187], [-0.014331063550649392, -0.07856801625160971, 0.996805742078062, 0.4108764440676284], [0.0, 0.0, 0.0, 1.0]], "BodyLeftHandThumbTip": [[0.9539401031741658, -0.29983314166535235, -0.009917999553676698, -0.5472831130027771], [0.2996546348274449, 0.9507508369606483, 0.07924610933704708, -0.18575211150848137], [-0.014331063550649392, -0.07856801625160971, 0.996805742078062, 0.40530671857462514], [0.0, 0.0, 0.0, 1.0]], "BodyLeftHandIndexMetacarpal": [[-0.3361558011645065, -0.010061710769231902, 0.9417526423216688, -0.5262013673782349], [0.4772746244362516, 0.8602150303702022, 0.17955231659443718, -0.25657000164413024], [-0.8119163812934713, 0.5098321915116683, -0.2843640734792742, 0.45912789176958907], [0.0, 0.0, 0.0, 1.0]], "BodyLeftHandIndexProximal": [[-0.3022234064919276, 0.24093287683874087, 0.9222864855491612, -0.49539703130722046], [0.3850344828559948, 0.9159452943859246, -0.11310466260990389, -0.2085553597338265], [-0.8720145982609656, 0.32092922358440895, -0.3695875726661773, 0.4339125363263377], [0.0, 0.0, 0.0, 1.0]], "BodyLeftHandIndexIntermediate": [[-0.34988331232289904, 0.8020723365042097, 0.48400582101110595, -0.4950200319290161], [0.3661147635162056, 0.5926469796323439, -0.7174465397980082, -0.17159267105692907], [-0.8622886104393538, -0.07382089505918181, -0.5010078120740552, 0.4177224859095574], [0.0, 0.0, 0.0, 1.0]], "BodyLeftHandIndexDistal": [[-0.3362860372852232, 0.8927122710179725, 0.2999608346116773, -0.5112265944480896], [0.3152857335507086, 0.4068509091266335, -0.8573606265523424, -0.15626718382504884], [-0.887415690275078, -0.19374503585063774, -0.418277723213707, 0.4046394756675142], [0.0, 0.0, 0.0, 1.0]], "BodyLeftHandIndexTip": [[-0.3362860372852232, 0.8927122710179725, 0.2999608346116773, -0.519329845905304], [0.3152857335507086, 0.4068509091266335, -0.8573606265523424, -0.14860441040678699], [-0.887415690275078, -0.19374503585063774, -0.418277723213707, 0.39809798544765507], [0.0, 0.0, 0.0, 1.0]], "BodyLeftHandMiddleMetacarpal": [[-0.3361558011645065, -0.010061710769231902, 0.9417526423216688, -0.5171518325805664], [0.4772746244362516, 0.8602150303702022, 0.17955231659443718, -0.22505154242314662], [-0.8119163812934713, 0.5098321915116683, -0.2843640734792742, 0.46139468759043517], [0.0, 0.0, 0.0, 1.0]], "BodyLeftHandMiddleProximal": [[-0.37892275186182167, 0.3792869305721779, 0.8441320823298923, -0.4989357590675354], [0.3968726797508809, 0.8906169892839657, -0.2220212928214795, -0.19870420300158903], [-0.8360081483985791, 0.25088404233012135, -0.4880036609650375, 0.45525743688817105], [0.0, 0.0, 0.0, 1.0]], "BodyLeftHandMiddleIntermediate": [[-0.4001035124988619, 0.793165653467334, 0.4591355196952304, -0.5017371773719788], [0.38339429676641135, 0.5998971854383358, -0.7022337076146044, -0.1580258797867616], [-0.8324217635868627, -0.10493623331766813, -0.5441161589624391, 0.4346767296857167], [0.0, 0.0, 0.0, 1.0]], "BodyLeftHandMiddleDistal": [[-0.4701732634015454, 0.8317078515109846, 0.29529502555465387, -0.5186622738838196], [0.30715755282612434, 0.4678685648229603, -0.8287057643050229, -0.14044119756621345], [-0.8274003505705142, -0.29893319619186925, -0.4754446383021961, 0.4184424517754735], [0.0, 0.0, 0.0, 1.0]], "BodyLeftHandMiddleTip": [[-0.4701732634015454, 0.8317078515109846, 0.29529502555465387, -0.5271247625350952], [0.30715755282612434, 0.4678685648229603, -0.8287057643050229, -0.13164891606058415], [-0.8274003505705142, -0.29893319619186925, -0.4754446383021961, 0.4103253128203493], [0.0, 0.0, 0.0, 1.0]], "BodyLeftHandRingMetacarpal": [[-0.3361558011645065, -0.010061710769231902, 0.9417526423216688, -0.5319216847419739], [0.4772746244362516, 0.8602150303702022, 0.17955231659443718, -0.2452643132203095], [-0.8119163812934713, 0.5098321915116683, -0.2843640734792742, 0.4908790183147255], [0.0, 0.0, 0.0, 1.0]], "BodyLeftHandRingProximal": [[-0.47049728271770297, 0.377777165610124, 0.7974438664249909, -0.5121962428092957], [0.35532454899883625, 0.9083243258262828, -0.22066124261184683, -0.19456084647754635], [-0.8076984411486956, 0.17953086713936248, -0.5615976281201315, 0.47248118265377087], [0.0, 0.0, 0.0, 1.0]], "BodyLeftHandRingIntermediate": [[-0.5387341792013804, 0.7452140356867111, 0.3929650431981704, -0.5134487152099609], [0.32775780116503617, 0.6150878735321232, -0.7171064994888787, -0.15687288843409514], [-0.7761058612944993, -0.25753242290876044, -0.5756185744180503, 0.45517181664445605], [0.0, 0.0, 0.0, 1.0]], "BodyLeftHandRingDistal": [[-0.5880872696877839, 0.8055011330100716, 0.07294715861949921, -0.5276381373405457], [0.3359570345435713, 0.3253263295777459, -0.8839092997724164, -0.13948180205782268], [-0.7357215738116277, -0.49530869566661484, -0.46193404488647527, 0.43797772513093236], [0.0, 0.0, 0.0, 1.0]], "BodyLeftHandRingTip": [[-0.5880872696877839, 0.8055011330100716, 0.07294715861949921, -0.5347328782081604], [0.3359570345435713, 0.3253263295777459, -0.8839092997724164, -0.13078631847433123], [-0.7357215738116277, -0.49530869566661484, -0.46193404488647527, 0.42938067937416796], [0.0, 0.0, 0.0, 1.0]], "BodyLeftHandLittleMetacarpal": [[-0.7398678542834813, 0.19649714724129602, 0.6434162177968396, -0.53820055723190