{"git_commit": "5ad0ba11e2bc4fb46e1db7e26ee38cb095c3c02b", "in": {"param": {"q0": [[0.0, 0.0, 0.0, 0.0, 0.0, 0.0, 1.0, 0.0, 0.0, 0.0, 0.0, 0.0, 0.0, 0.0, 0.0, 0.0, 0.0, 0.0, 0.0, 0.0, 0.0, 0.0, 0.0, 0.0, 0.0, 0.0, 0.0, 0.0, 0.0, 0.0, 0.0, 0.0, 0.0, 0.0, 0.0, 0.0, 0.0, 0.0, 0.0, 0.0, 0.0, 0.0, 0.0, 0.0, 0.0, 0.0, 0.0, 0.0, 0.0, 0.0, 0.0, 0.0, 0.0, 0.0, 0.0, 0.0, 0.0, 0.0, 0.0, 0.0]], "dq_vel_limit_factor": [100], "dt": [100], "root_dir_z": [0.014902478804886, -0.08635074818210746, 0.9961533369237802], "root_dir_y": [-0.9736186138536724, -0.22810090037610464, 0.006064157424069986], "root_pos": [2.11282, 2.6991199559161902, 1.0085201179822825], "torso_dir": [0.0248393825688, -0.28556945719172744, 0.9580360755218796], "shoulder_dir": [-0.9695760356863738, -0.24248634803180882, -0.03350644775102542], "L_upper_arm_dir": [0.21884992863000008, -0.29518657106659835, -0.9300368571014166], "L_lower_arm_dir": [-0.31670874176999986, -0.8585895073457731, 0.40313913945786134], "L_upper_leg_dir": [0.0708549610086, -0.26116530675359784, -0.96269014431308], "L_lower_leg_dir": [0.09087943229279999, 0.3311771764763054, -0.9391819028277076], "L_foot_dir_front": [-0.037749299422036, -0.9992291428076991, 0.010775544102046971], "L_foot_pos": [2.30276, 2.733119995602678, 0.10059911946846956], "R_upper_arm_dir": [-0.19677438129199998, -0.3572468580864244, -0.913047556034758], "R_lower_arm_dir": [0.3646433067720001, -0.7085787180865384, 0.6041111506790418], "R_upper_leg_dir": [-0.0497413111398, -0.24974043522206463, -0.967034393366983], "R_lower_leg_dir": [-0.015030913760800003, 0.3346592537789949, -0.9422193133283012], "R_foot_dir_front": [-0.0480217411530432, -0.9988426556302087, -0.002694293884091163], "R_foot_pos": [1.96893, 2.709839995624752, 0.10009411845086844], "L_hand_dir_front": [-0.27613816826518406, -0.750354345829509, 0.4888956523586508], "L_hand_dir_outside": [0.8958136588421451, -0.31215935193686006, -0.3163454245444497], "R_hand_dir_front": [0.2772266809299999, -0.6505644701875642, 0.612617533552925], "R_hand_dir_outside": [-0.9524280211916412, -0.2693463990066735, -0.14259516748863782], "L_finger_thumb_palm_dir": [-0.8521484222019999, -0.37754039045524396, 0.36235964558718614], "L_finger_thumb_middle_dir": [-0.351395703908, -0.8734291090624395, -0.33711036526879956], "L_finger_thumb_lower_dir": [0.13101264190999995, -0.7738745412246778, -0.6196399771171318], "L_finger_index_palm_dir": [-0.13213560478098008, -0.8435578346730753, 0.520529654051517], "L_finger_index_upper_dir": [-0.52089761921352, -0.8473717436994865, 0.10308629454340484], "L_finger_index_middle_dir": [-0.5499888528580001, -0.7741561757163624, -0.3133654536894418], "L_finger_index_lower_dir": [-0.51115118881, -0.6383150515812438, -0.5755652789916382], "L_finger_middle_palm_dir": [-0.13213560478098008, -0.8435578346730753, 0.520529654051517], "L_finger_middle_upper_dir": [-0.16082888951712015, -0.8712362658848902, 0.4637713236434543], "L_finger_middle_middle_dir": [-0.18874569305672817, -0.8947208639631022, 0.40478194126780964], "L_finger_middle_lower_dir": [-0.2068432836520162, -0.9079807008823927, 0.3643963648830037], "L_finger_ring_palm_dir": [-0.13213560478098008, -0.8435578346730753, 0.520529654051517], "L_finger_ring_upper_dir": [-0.03396374309607997, -0.9389378748551037, 0.34240737957412265], "L_finger_ring_middle_dir": [-0.09314111302287986, -0.9717886746035128, 0.21668291609136833], "L_finger_ring_lower_dir": [-0.13157203009000007, -0.9827006421472536, 0.13033792688479093], "L_finger_pinky_palm_dir": [-0.13213560478098008, -0.8435578346730753, 0.520529654051517], "L_finger_pinky_upper_dir": [0.041553738028, -0.9925059576191367, 0.11491592684018695], "L_finger_pinky_middle_dir": [-0.17413672297799998, -0.935553137254909, -0.307272162954327], "L_finger_pinky_lower_dir": [-0.29853771294600007, -0.7763644276022971, -0.555098001288568], "R_finger_thumb_palm_dir": [0.8460394366419999, -0.25887526739375355, 0.46605138415420355], "R_finger_thumb_middle_dir": [0.43216864282, -0.8886108646526257, -0.15362989706641483], "R_finger_thumb_lower_dir": [-0.022396561861999786, -0.8811948014225474, -0.4722214305682491], "R_finger_index_palm_dir": [0.13502349200199992, -0.7484867708860168, 0.6492590709026054], "R_finger_index_upper_dir": [0.44606685092999987, -0.8161919429898375, 0.36722320328711777], "R_finger_index_middle_dir": [0.46389839945049993, -0.8807366548269925, 0.09538683171157827], "R_finger_index_lower_dir": [0.45471486928304516, -0.8849303344548094, -0.10065620218803364], "R_finger_middle_palm_dir": [0.13502349200199992, -0.7484867708860168, 0.6492590709026054], "R_finger_middle_upper_dir": [0.2430544423616201, -0.9406340302287706, 0.23692609626158112], "R_finger_middle_middle_dir": [0.298051218516, -0.9266242635795043, -0.22920108208623344], "R_finger_middle_lower_dir": [0.2983804122, -0.8018204081609582, -0.5177379180046842], "R_finger_ring_palm_dir": [0.13502349200199992, -0.7484867708860168, 0.6492590709026054], "R_finger_ring_upper_dir": [0.0942813624067198, -0.9736620299212458, 0.2075899320934813], "R_finger_ring_middle_dir": [0.20186297638800021, -0.9451668484437817, -0.2567344704877556], "R_finger_ring_lower_dir": [0.24911136688399993, -0.80412556246685, -0.5397483910094457], "R_finger_pinky_palm_dir": [0.13502349200199992, -0.7484867708860168, 0.6492590709026054], "R_finger_pinky_upper_dir": [-0.08017638205661992, -0.9682416871803023, 0.23681014867341216], "R_finger_pinky_middle_dir": [0.11506883483600006, -0.9432277944178973, -0.31157931668185695], "R_finger_pinky_lower_dir": [0.22721168876199993, -0.7436256168601086, -0.6288039274549093], "L_finger_thumb_palm_middle_rel_rot": [1.0390477509811074], "L_finger_thumb_middle_lower_rel_rot": [0.5757683656691999], "L_finger_index_palm_upper_rel_rot": [0.5189716650277103], "L_finger_index_upper_middle_rel_rot": [0.42707658299159795], "L_finger_index_middle_lower_rel_rot": [0.2989535282505973], "L_finger_middle_palm_upper_rel_rot": [0.06937430483091177], "L_finger_middle_upper_middle_rel_rot": [0.06937320217644471], "L_finger_middle_middle_lower_rel_rot": [0.046203189898093695], "L_finger_ring_palm_upper_rel_rot": [0.1425425928477865], "L_finger_ring_upper_middle_rel_rot": [0.14290746478350203], "L_finger_ring_middle_lower_rel_rot": [0.0951751302560881], "L_finger_pinky_palm_upper_rel_rot": [0.31815949225566065], "L_finger_pinky_upper_middle_rel_rot": [0.4821596555254846], "L_finger_pinky_middle_lower_rel_rot": [0.3211189214994138], "R_finger_thumb_palm_middle_rel_rot": [1.0191741057671901], "R_finger_thumb_middle_lower_rel_rot": [0.5625314104656519], "R_finger_index_palm_upper_rel_rot": [0.3413335170209068], "R_finger_index_upper_middle_rel_rot": [0.2808849655034497], "R_finger_index_middle_lower_rel_rot": [0.19661938986796587], "R_finger_middle_palm_upper_rel_rot": [0.4719242567995106], "R_finger_middle_upper_middle_rel_rot": [0.4739942288909608], "R_finger_middle_middle_lower_rel_rot": [0.31568088052361515], "R_finger_ring_palm_upper_rel_rot": [0.4726766260165778], "R_finger_ring_upper_middle_rel_rot": [0.48213164455720814], "R_finger_ring_middle_lower_rel_rot": [0.3210993960001202], "R_finger_pinky_palm_upper_rel_rot": [0.39011628273681653], "R_finger_pinky_upper_middle_rel_rot": [0.5912198615379726], "R_finger_pinky_middle_lower_rel_rot": [0.39375276163517575], "L_finger_thumb_joint_1_angle": [-1.103588549518395], "L_finger_thumb_joint_2_angle": [-0.07082282681589647], "R_finger_thumb_joint_1_angle": [-1.0833659785901324], "R_finger_thumb_joint_2_angle": [-0.19406121106715646], "L_finger_index_joint_angle": [0.4150005920899685], "L_finger_middle_joint_angle": [0.061650232301816724], "L_finger_ring_joint_angle": [0.12687506262912554], "L_finger_pinky_joint_angle": [0.37381268976018633], "R_finger_index_joint_angle": [0.27294595746410744], "R_finger_middle_joint_angle": [0.4205331220713622], "R_finger_ring_joint_angle": [0.42530255552463536], "R_finger_pinky_joint_angle": [0.45836296863665493], "L_hand_ee_pos": [2.27786, 2.3258899427595003, 1.309510101667881], "R_hand_ee_pos": [1.99105, 2.2597699406818976, 1.3570400987776838], "foot_axis": [1.0, 0.0, 0.0], "left_shoulder_pos": [2.3079, 2.6563899371207307, 1.4385101161144946], "right_shoulder_pos": [1.9404, 2.564479937675865, 1.425810112096981]}, "weight": {"head_dir_weight": 5.0, "root_pos_weight": 100.0, "root_dir_weight": 100.0, "torso_dir_weight": 50.0, "shoulder_dir_weight": 30.0, "upper_arm_weight": 9.910000801086426, "L_upper_arm_weight": 20.0, "R_upper_arm_weight": 20.0, "lower_arm_weight": 5.0, "L_lower_arm_weight": 10.0, "R_lower_arm_weight": 10.0, "hand_dir_front_weight": 5.0, "hand_dir_outside_weight": 3.0, "finger_weight": 1.0, "upper_leg_weight": 1.0, "lower_leg_weight": 1.0, "foot_pos_weight": 50.0, "hand_pos_weight": 10.0, "L_hand_pos_weight": 10.0, "R_hand_pos_weight": 10.0, "foot_dir_x_weight": 10.0, "foot_dir_y_weight": 0.0, "joint_vel_cost_weight": 0.0010000000474974513, "default_config_cost_weight": 0.0010000000474974513, "finger_turbo_factor": 3.0}}, "out": {"q": [[2.1134685046796258, 2.6995404757732366, 0.9863427359096261, 0.026387935184719845, 0.03329348528447289, -0.621816578018052, 0.782009823478081, -0.1340607183431912, 0.08317012710867494, -0.3397682407578263, 0.022732597792077872, -0.038609847339867075, -1.3004341238148333e-21, -0.017428909920543804, -0.027868571311135418, -0.2692323560236569, 0.02085603356636538, -0.07880360251100653, -1.3004341238148333e-21, 0.03611819850497465, 0.20274137747660595, 0.019344732877421767, -0.6430405870716335, 0.17099018504695046, -0.30267436459448727, -1.7622812371696717, -0.976462335484013, 0.034510126726718146, 0.12948022500357242, 1.2424250623764128, 1.2424250623764128, 0.18483806137997083, 0.18483806137997083, 1.1191448372827115, 1.1191448372827115, 0.3799653305422043, 0.3799653305422043, 0.1705972443383344, 0.4999929408421038, 0.4999929408421038, 0.4999929408421038, -0.5736017173290454, -0.3781124354770982, -0.09228060938656713, -1.9493036620848219, 1.2101941351859904, 0.12950755243183934, -0.06636232156716652, 0.8172043089922452, 0.8172043089922452, 1.2589830398028379, 1.2589830398028379, 1.372181741623613, 1.372181741623613, 1.2732567654773255, 1.2732567654773255, 0.1705972443383344, 0.4999927532764908, 0.4999927532764908, 0.4999927532764908]], "v": [[-0.0006832721348047904, 0.03719955520235151, 0.009483895652085782, 0.0005697972999681343, 0.0007189095277377564, -0.013426947002480007, -0.001340607183431912, 0.0008317012710867494, -0.003397682407578263, 0.00022732597792077873, -0.0003860984733986707, -1.3004341238148332e-23, -0.00017428909920543802, -0.0002786857131113542, -0.0026923235602365693, 0.00020856033566365382, -0.0007880360251100653, -1.3004341238148332e-23, 0.0003611819850497465, 0.0020274137747660595, 0.00019344732877421767, -0.006430405870716334, 0.0017099018504695045, -0.0030267436459448724, -0.017622812371696717, -0.00976462335484013, 0.0003451012672671815, 0.0012948022500357242, 0.012424250623764128, 0.012424250623764128, 0.0018483806137997083, 0.0018483806137997083, 0.011191448372827116, 0.011191448372827116, 0.003799653305422043, 0.003799653305422043, 0.001705972443383344, 0.004999929408421038, 0.004999929408421038, 0.004999929408421038, -0.005736017173290454, -0.003781124354770982, -0.0009228060938656713, -0.01949303662084822, 0.012101941351859904, 0.0012950755243183933, -0.0006636232156716652, 0.008172043089922452, 0.008172043089922452, 0.012589830398028379, 0.012589830398028379, 0.01372181741623613, 0.01372181741623613, 0.012732567654773255, 0.012732567654773255, 0.001705972443383344, 0.004999927532764908, 0.004999927532764908, 0.004999927532764908]]}, "extended": {"labels": ["root_pos/x", "root_pos/y", "root_pos/z", "root_quat/x", "root_quat/y", "root_quat/z", "root_quat/w", "dof_pos/hipPitch_Left", "dof_pos/hipRoll_Left", "dof_pos/hipYaw_Left", "dof_pos/kneePitch_Left", "dof_pos/anklePitch_Left", "dof_pos/ankleRoll_Left", "dof_pos/hipPitch_Right", "dof_pos/hipRoll_Right", "dof_pos/hipYaw_Right", "dof_pos/kneePitch_Right", "dof_pos/anklePitch_Right", "dof_pos/ankleRoll_Right", "dof_pos/waistRoll", "dof_pos/waistPitch", "dof_pos/waistYaw", "dof_pos/shoulderPitch_Left", "dof_pos/shoulderRoll_Left", "dof_pos/shoulderYaw_Left", "dof_pos/elbow_Left", "dof_pos/wristYaw_Left", "dof_pos/wristPitch_Left", "dof_pos/wristRoll_Left", "dof_pos/L_index_MCP_joint", "dof_pos/L_index_DIP_joint", "dof_pos/L_middle_MCP_joint", "dof_pos/L_middle_DIP_joint", "dof_pos/L_pinky_MCP_joint", "dof_pos/L_pinky_DIP_joint", "dof_pos/L_ring_MCP_joint", "dof_pos/L_ring_DIP_joint", "dof_pos/L_thumb_MCP_joint1", "dof_pos/L_thumb_proximal", "dof_pos/L_thumb_PIP_joint", "dof_pos/L_thumb_DIP_joint", "dof_pos/shoulderPitch_Right", "dof_pos/shoulderRoll_Right", "dof_pos/shoulderYaw_Right", "dof_pos/elbow_Right", "dof_pos/wristYaw_Right", "dof_pos/wristPitch_Right", "dof_pos/wristRoll_Right", "dof_pos/R_index_MCP_joint", "dof_pos/R_index_DIP_joint", "dof_pos/R_middle_MCP_joint", "dof_pos/R_middle_DIP_joint", "dof_pos/R_pinky_MCP_joint", "dof_pos/R_pinky_DIP_joint", "dof_pos/R_ring_MCP_joint", "dof_pos/R_ring_DIP_joint", "dof_pos/R_thumb_MCP_joint1", "dof_pos/R_thumb_proximal", "dof_pos/R_thumb_PIP_joint", "dof_pos/R_thumb_DIP_joint", "root_vel_body/x", "root_vel_body/y", "root_vel_body/z", "root_ang_vel_body/x", "root_ang_vel_body/y", "root_ang_vel_body/z", "dof_vel/hipPitch_Left", "dof_vel/hipRoll_Left", "dof_vel/hipYaw_Left", "dof_vel/kneePitch_Left", "dof_vel/anklePitch_Left", "dof_vel/ankleRoll_Left", "dof_vel/hipPitch_Right", "dof_vel/hipRoll_Right", "dof_vel/hipYaw_Right", "dof_vel/kneePitch_Right", "dof_vel/anklePitch_Right", "dof_vel/ankleRoll_Right", "dof_vel/waistRoll", "dof_vel/waistPitch", "dof_vel/waistYaw", "dof_vel/shoulderPitch_Left", "dof_vel/shoulderRoll_Left", "dof_vel/shoulderYaw_Left", "dof_vel/elbow_Left", "dof_vel/wristYaw_Left", "dof_vel/wristPitch_Left", "dof_vel/wristRoll_Left", "dof_vel/L_index_MCP_joint", "dof_vel/L_index_DIP_joint", "dof_vel/L_middle_MCP_joint", "dof_vel/L_middle_DIP_joint", "dof_vel/L_pinky_MCP_joint", "dof_vel/L_pinky_DIP_joint", "dof_vel/L_ring_MCP_joint", "dof_vel/L_ring_DIP_joint", "dof_vel/L_thumb_MCP_joint1", "dof_vel/L_thumb_proximal", "dof_vel/L_thumb_PIP_joint", "dof_vel/L_thumb_DIP_joint", "dof_vel/shoulderPitch_Right", "dof_vel/shoulderRoll_Right", "dof_vel/shoulderYaw_Right", "dof_vel/elbow_Right", "dof_vel/wristYaw_Right", "dof_vel/wristPitch_Right", "dof_vel/wristRoll_Right", "dof_vel/R_index_MCP_joint", "dof_vel/R_index_DIP_joint", "dof_vel/R_middle_MCP_joint", "dof_vel/R_middle_DIP_joint", "dof_vel/R_pinky_MCP_joint", "dof_vel/R_pinky_DIP_joint", "dof_vel/R_ring_MCP_joint", "dof_vel/R_ring_DIP_joint", "dof_vel/R_thumb_MCP_joint1", "dof_vel/R_thumb_proximal", "dof_vel/R_thumb_PIP_joint", "dof_vel/R_thumb_DIP_joint", "torso/pos_x", "torso/pos_y", "torso/pos_z", "torso_quat/x", "torso_quat/y", "torso_quat/z", "torso_quat/w", "torso/vel_local_x", "torso/vel_local_y", "torso/vel_local_z", "torso/vel_local_norm", "torso/ang_vel_local_x", "torso/ang_vel_local_y", "torso/ang_vel_local_z", "torso/ang_vel_local_norm", "torso/pos_x_body", "torso/pos_y_body", "torso/pos_z_body", "torso_quat_body/x", "torso_quat_body/y", "torso_quat_body/z", "torso_quat_body/w", "hipRollLeft/pos_x", "hipRollLeft/pos_y", "hipRollLeft/pos_z", "hipRollLeft_quat/x", "hipRollLeft_quat/y", "hipRollLeft_quat/z", "hipRollLeft_quat/w", "hipRollLeft/vel_local_x", "hipRollLeft/vel_local_y", "hipRollLeft/vel_local_z", "hipRollLeft/vel_local_norm", "hipRollLeft/ang_vel_local_x", "hipRollLeft/ang_vel_local_y", "hipRollLeft/ang_vel_local_z", "hipRollLeft/ang_vel_local_norm", "hipRollLeft/pos_x_body", "hipRollLeft/pos_y_body", "hipRollLeft/pos_z_body", "hipRollLeft_quat_body/x", "hipRollLeft_quat_body/y", "hipRollLeft_quat_body/z", "hipRollLeft_quat_body/w", "anklePitchLeft/pos_x", "anklePitchLeft/pos_y", "anklePitchLeft/pos_z", "anklePitchLeft_quat/x", "anklePitchLeft_quat/y", "anklePitchLeft_quat/z", "anklePitchLeft_quat/w", "anklePitchLeft/vel_local_x", "anklePitchLeft/vel_local_y", "anklePitchLeft/vel_local_z", "anklePitchLeft/vel_local_norm", "anklePitchLeft/ang_vel_local_x", "anklePitchLeft/ang_vel_local_y", "anklePitchLeft/ang_vel_local_z", "anklePitchLeft/ang_vel_local_norm", "anklePitchLeft/pos_x_body", "anklePitchLeft/pos_y_body", "anklePitchLeft/pos_z_body", "anklePitchLeft_quat_body/x", "anklePitchLeft_quat_body/y", "anklePitchLeft_quat_body/z", "anklePitchLeft_quat_body/w", "hipRollRight/pos_x", "hipRollRight/pos_y", "hipRollRight/pos_z", "hipRollRight_quat/x", "hipRollRight_quat/y", "hipRollRight_quat/z", "hipRollRight_quat/w", "hipRollRight/vel_local_x", "hipRollRight/vel_local_y", "hipRollRight/vel_local_z", "hipRollRight/vel_local_norm", "hipRollRight/ang_vel_local_x", "hipRollRight/ang_vel_local_y", "hipRollRight/ang_vel_local_z", "hipRollRight/ang_vel_local_norm", "hipRollRight/pos_x_body", "hipRollRight/pos_y_body", "hipRollRight/pos_z_body", "hipRollRight_quat_body/x", "hipRollRight_quat_body/y", "hipRollRight_quat_body/z", "hipRollRight_quat_body/w", "anklePitchRight/pos_x", "anklePitchRight/pos_y", "anklePitchRight/pos_z", "anklePitchRight_quat/x", "anklePitchRight_quat/y", "anklePitchRight_quat/z", "anklePitchRight_quat/w", "anklePitchRight/vel_local_x", "anklePitchRight/vel_local_y", "anklePitchRight/vel_local_z", "anklePitchRight/vel_local_norm", "anklePitchRight/ang_vel_local_x", "anklePitchRight/ang_vel_local_y", "anklePitchRight/ang_vel_local_z", "anklePitchRight/ang_vel_local_norm", "anklePitchRight/pos_x_body", "anklePitchRight/pos_y_body", "anklePitchRight/pos_z_body", "anklePitchRight_quat_body/x", "anklePitchRight_quat_body/y", "anklePitchRight_quat_body/z", "anklePitchRight_quat_body/w", "shoulderRollLeft/pos_x", "shoulderRollLeft/pos_y", "shoulderRollLeft/pos_z", "shoulderRollLeft_quat/x", "shoulderRollLeft_quat/y", "shoulderRollLeft_quat/z", "shoulderRollLeft_quat/w", "shoulderRollLeft/vel_local_x", "shoulderRollLeft/vel_local_y", "shoulderRollLeft/vel_local_z", "shoulderRollLeft/vel_local_norm", "shoulderRollLeft/ang_vel_local_x", "shoulderRollLeft/ang_vel_local_y", "shoulderRollLeft/ang_vel_local_z", "shoulderRollLeft/ang_vel_local_norm", "shoulderRollLeft/pos_x_body", "shoulderRollLeft/pos_y_body", "shoulderRollLeft/pos_z_body", "shoulderRollLeft_quat_body/x", "shoulderRollLeft_quat_body/y", "shoulderRollLeft_quat_body/z", "shoulderRollLeft_quat_body/w", "elbowLeft/pos_x", "elbowLeft/pos_y", "elbowLeft/pos_z", "elbowLeft_quat/x", "elbowLeft_quat/y", "elbowLeft_quat/z", "elbowLeft_quat/w", "elbowLeft/vel_local_x", "elbowLeft/vel_local_y", "elbowLeft/vel_local_z", "elbowLeft/vel_local_norm", "elbowLeft/ang_vel_local_x", "elbowLeft/ang_vel_local_y", "elbowLeft/ang_vel_local_z", "elbowLeft/ang_vel_local_norm", "elbowLeft/pos_x_body", "elbowLeft/pos_y_body", "elbowLeft/pos_z_body", "elbowLeft_quat_body/x", "elbowLeft_quat_body/y", "elbowLeft_quat_body/z", "elbowLeft_quat_body/w", "EE_L_hand/pos_x", "EE_L_hand/pos_y", "EE_L_hand/pos_z", "EE_L_hand_quat/x", "EE_L_hand_quat/y", "EE_L_hand_quat/z", "EE_L_hand_quat/w", "EE_L_hand/vel_local_x", "EE_L_hand/vel_local_y", "EE_L_hand/vel_local_z", "EE_L_hand/vel_local_norm", "EE_L_hand/ang_vel_local_x", "EE_L_hand/ang_vel_local_y", "EE_L_hand/ang_vel_local_z", "EE_L_hand/ang_vel_local_norm", "EE_L_hand/pos_x_body", "EE_L_hand/pos_y_body", "EE_L_hand/pos_z_body", "EE_L_hand_quat_body/x", "EE_L_hand_quat_body/y", "EE_L_hand_quat_body/z", "EE_L_hand_quat_body/w", "shoulderRollRight/pos_x", "shoulderRollRight/pos_y", "shoulderRollRight/pos_z", "shoulderRollRight_quat/x", "shoulderRollRight_quat/y", "shoulderRollRight_quat/z", "shoulderRollRight_quat/w", "shoulderRollRight/vel_local_x", "shoulderRollRight/vel_local_y", "shoulderRollRight/vel_local_z", "shoulderRollRight/vel_local_norm", "shoulderRollRight/ang_vel_local_x", "shoulderRollRight/ang_vel_local_y", "shoulderRollRight/ang_vel_local_z", "shoulderRollRight/ang_vel_local_norm", "shoulderRollRight/pos_x_body", "shoulderRollRight/pos_y_body", "shoulderRollRight/pos_z_body", "shoulderRollRight_quat_body/x", "shoulderRollRight_quat_body/y", "shoulderRollRight_quat_body/z", "shoulderRollRight_quat_body/w", "elbowRight/pos_x", "elbowRight/pos_y", "elbowRight/pos_z", "elbowRight_quat/x", "elbowRight_quat/y", "elbowRight_quat/z", "elbowRight_quat/w", "elbowRight/vel_local_x", "elbowRight/vel_local_y", "elbowRight/vel_local_z", "elbowRight/vel_local_norm", "elbowRight/ang_vel_local_x", "elbowRight/ang_vel_local_y", "elbowRight/ang_vel_local_z", "elbowRight/ang_vel_local_norm", "elbowRight/pos_x_body", "elbowRight/pos_y_body", "elbowRight/pos_z_body", "elbowRight_quat_body/x", "elbowRight_quat_body/y", "elbowRight_quat_body/z", "elbowRight_quat_body/w", "EE_R_hand/pos_x", "EE_R_hand/pos_y", "EE_R_hand/pos_z", "EE_R_hand_quat/x", "EE_R_hand_quat/y", "EE_R_hand_quat/z", "EE_R_hand_quat/w", "EE_R_hand/vel_local_x", "EE_R_hand/vel_local_y", "EE_R_hand/vel_local_z", "EE_R_hand/vel_local_norm", "EE_R_hand/ang_vel_local_x", "EE_R_hand/ang_vel_local_y", "EE_R_hand/ang_vel_local_z", "EE_R_hand/ang_vel_local_norm", "EE_R_hand/pos_x_body", "EE_R_hand/pos_y_body", "EE_R_hand/pos_z_body", "EE_R_hand_quat_body/x", "EE_R_hand_quat_body/y", "EE_R_hand_quat_body/z", "EE_R_hand_quat_body/w", "EE_L_foot/pos_x", "EE_L_foot/pos_y", "EE_L_foot/pos_z", "EE_L_foot_quat/x", "EE_L_foot_quat/y", "EE_L_foot_quat/z", "EE_L_foot_quat/w", "EE_L_foot/vel_local_x", "EE_L_foot/vel_local_y", "EE_L_foot/vel_local_z", "EE_L_foot/vel_local_norm", "EE_L_foot/ang_vel_local_x", "EE_L_foot/ang_vel_local_y", "EE_L_foot/ang_vel_local_z", "EE_L_foot/ang_vel_local_norm", "EE_L_foot/pos_x_body", "EE_L_foot/pos_y_body", "EE_L_foot/pos_z_body", "EE_L_foot_quat_body/x", "EE_L_foot_quat_body/y", "EE_L_foot_quat_body/z", "EE_L_foot_quat_body/w", "EE_R_foot/pos_x", "EE_R_foot/pos_y", "EE_R_foot/pos_z", "EE_R_foot_quat/x", "EE_R_foot_quat/y", "EE_R_foot_quat/z", "EE_R_foot_quat/w", "EE_R_foot/vel_local_x", "EE_R_foot/vel_local_y", "EE_R_foot/vel_local_z", "EE_R_foot/vel_local_norm", "EE_R_foot/ang_vel_local_x", "EE_R_foot/ang_vel_local_y", "EE_R_foot/ang_vel_local_z", "EE_R_foot/ang_vel_local_norm", "EE_R_foot/pos_x_body", "EE_R_foot/pos_y_body", "EE_R_foot/pos_z_body", "EE_R_foot_quat_body/x", "EE_R_foot_quat_body/y", "EE_R_foot_quat_body/z", "EE_R_foot_quat_body/w"], "result": [[2.1134685046796258], [2.6995404757732366], [0.9863427359096261], [0.026387935184719845], [0.03329348528447289], [-0.621816578018052], [0.782009823478081], [-0.1340607183431912], [0.08317012710867494], [-0.3397682407578263], [0.022732597792077872], [-0.038609847339867075], [-1.3004341238148333e-21], [-0.017428909920543804], [-0.027868571311135418], [-0.2692323560236569], [0.02085603356636538], [-0.07880360251100653], [-1.3004341238148333e-21], [0.03611819850497465], [0.20274137747660595], [0.019344732877421767], [-0.6430405870716335], [0.17099018504695046], [-0.30267436459448727], [-1.7622812371696717], [-0.976462335484013], [0.034510126726718146], [0.12948022500357242], [1.2424250623764128], [1.2424250623764128], [0.18483806137997083], [0.18483806137997083], [1.1191448372827115], [1.1191448372827115], [0.3799653305422043], [0.3799653305422043], [0.1705972443383344], [0.4999929408421038], [0.4999929408421038], [0.4999929408421038], [-0.5736017173290454], [-0.3781124354770982], [-0.09228060938656713], [-1.9493036620848219], [1.2101941351859904], [0.12950755243183934], [-0.06636232156716652], [0.8172043089922452], [0.8172043089922452], [1.2589830398028379], [1.2589830398028379], [1.372181741623613], [1.372181741623613], [1.2732567654773255], [1.2732567654773255], [0.1705972443383344], [0.4999927532764908], [0.4999927532764908], [0.4999927532764908], [-0.0006832721348047904], [0.03719955520235151], [0.009483895652085782], [0.0005697972999681343], [0.0007189095277377564], [-0.013426947002480007], [-0.001340607183431912], [0.0008317012710867494], [-0.003397682407578263], [0.00022732597792077873], [-0.0003860984733986707], [-1.3004341238148332e-23], [-0.00017428909920543802], [-0.0002786857131113542], [-0.0026923235602365693], [0.00020856033566365382], [-0.0007880360251100653], [-1.3004341238148332e-23], [0.0003611819850497465], [0.0020274137747660595], [0.00019344732877421767], [-0.006430405870716334], [0.0017099018504695045], [-0.0030267436459448724], [-0.017622812371696717], [-0.00976462335484013], [0.0003451012672671815], [0.0012948022500357242], [0.012424250623764128], [0.012424250623764128], [0.0018483806137997083], [0.0018483806137997083], [0.011191448372827116], [0.011191448372827116], [0.003799653305422043], [0.003799653305422043], [0.001705972443383344], [0.004999929408421038], [0.004999929408421038], [0.004999929408421038], [-0.005736017173290454], [-0.003781124354770982], [-0.0009228060938656713], [-0.01949303662084822], [0.012101941351859904], [0.0012950755243183933], [-0.0006636232156716652], [0.008172043089922452], [0.008172043089922452], [0.012589830398028379], [0.012589830398028379], [0.01372181741623613], [0.01372181741623613], [0.012732567654773255], [0.012732567654773255], [0.001705972443383344], [0.004999927532764908], [0.004999927532764908], [0.004999927532764908], [2.1150957235965904], [2.6736815913255425], [1.1606491508291297], [0.10424625012742865], [0.10001841201462848], [-0.6074963515741711], [0.7810744006920931], [-0.001411267353316867], [0.0372606931538691], [0.007843062297392876], [0.03810334048413749], [0.0036620209261684013], [0.0021905761978447307], [-0.012787885705832072], [0.013481062353081948], [0.010671831607944654], [-0.004263803208086074], [0.1758464899300167], [0.018943215144265224], [0.1010021638337555], [0.011448337978820698], [0.9946399615229723], [2.2532224203758857], [2.7642894934386777], [0.913130779756515], [0.02700296550156185], [-0.03529612373827348], [-0.5908677927189248], [0.8055434656371063], [0.005206010401796284], [0.03794789826053288], [0.006071424576200593], [0.038781538431060955], [-1.8576726267054383e-05], [-0.001417447381254001], [-0.012568267963560347], [0.012647958798843392], [-0.025271196463265748], [0.15075835860290168], [-0.07560996432690541], [0.04147971856774598], [-0.0532221544257048], [0.040666277624298926], [0.9968917138235278], [2.3015983294960045], [2.7333789049088173], [0.12284394112861857], [0.026876396366678483], [-0.035731466712126465], [-0.7187896190599156], [0.6937884440783394], [-0.007044608424444242], [0.03748637009411388], [0.0062208926798851], [0.038646525800145014], [0.00020133390009424614], [-0.00150137818348465], [-0.01597115988443696], [0.016042837026019406], [0.08268140015705513], [0.19103213191337598], [-0.8595571822192849], [0.048859391447489915], [-0.05329617839064017], [-0.12885369841907168], [0.9890242674677204], [1.9577974945245757], [2.6959937103965497], [0.9156095090978013], [0.01092367518502027], [0.036560205061103655], [-0.6254414076404822], [0.7793375843208349], [-0.003023796084828318], [0.0372791174877008], [0.01049602303021289], [0.03884639549398608], [9.215335717502874e-05], [0.0009577311538206956], [-0.01351219033544104], [0.013546402801682208], [-0.02549612707005248], [-0.15245839506375736], [-0.07318208525011456], [-0.01393330566006007], [-0.007068009892793239], [-0.005097356084047036], [0.9998649524763287], [1.9687925474291605], [2.7087373467485785], [0.12220307449149448], [-0.015069411859289386], [0.017738477460242732], [-0.7242452788728676], [0.6891495013957202], [-0.012297296293722676], [0.03455245703082757], [0.011187893564862876], [0.03834403141848144], [-0.0011041230706180217], [0.00036826556323248864], [-0.016167705791557], [0.016209547120215287], [0.031951870623034714], [-0.1387689090787768], [-0.8645665603727071], [-0.016887090302489347], [-0.03755427274789048], [-0.13881213302095077], [0.9894623259658077], [2.318459084196012], [2.6126167888478], [1.4401069648425995], [-0.03175731730339284], [-0.18438982153598926], [-0.678475493630318], [0.7103962774780804], [-0.0011983716844627336], [0.03676623064688181], [0.0023155194468932007], [0.03685855994179336], [-0.003014301912709008], [-0.006408716242753633], [-0.013765029739235025], [0.01548010670580536], [0.0918785687839945], [0.18007619576528627], [0.46325989769806136], [0.09366503668780313], [-0.20549701352384142], [-0.08502996382676747], [0.970447187427875], [2.382103592077937], [2.5755645461099643], [1.1844288488219976], [0.6023490227940762], [0.5818984388605797], [0.49213097065063555], [-0.23743834845514017], [0.0039737857769505235], [0.03506341937684666], [0.00985332934567246], [0.03663771896545977], [-0.016300827416328136], [-0.02463869118925762], [0.0041450914683172765], [0.029832262087499044], [0.16383852751119352], [0.2337708895002663], [0.21279346223820422], [0.09908950950106868], [0.8504923738980456], [0.2419073521977358], [-0.45642614298567985], [2.2949857162504097], [2.212316011913232], [1.3481062788126794], [0.24952144753605118], [0.8306371789562157], [0.4976988516444614], [-0.008762261520729646], [-0.015980950200442733], [0.028385074233024006], [0.004693285751344308], [0.03291094255209178], [0.012767899355473449], [-0.0274063178761137], [-0.001702365684959037], [0.030282396906510134], [0.4830217648394071], [0.06703259230294938], [0.4042346391818023], [-0.337714656455703], [0.8181479776025622], [0.3701455102465963], [-0.282090408919074], [1.9415663561399457], [2.5184978336670336], [1.4219411325697617], [-0.20773476415730882], [-0.019101987735619077], [-0.5481792452633474], [0.8099264762233435], [0.007511530574266147], [0.030730863785394087], [0.018741326777979597], [0.036770183708591885], [-0.006819597937806196], [0.0010284467748641812], [-0.011426292155491541], [0.013346339244328632], [0.10018745836645322], [-0.2083289478586252], [0.44568405039492076], [-0.15369418332535384], [-0.18554145585216153], [0.06853200276940262], [0.968119739892038], [1.8725421949549863], [2.4500277857137185], [1.175938436979652], [0.6000674065406804], [0.6646763982806551], [0.15743556578561016], [-0.4163393277147411], [0.01582672526445239], [0.029829208899565744], [-0.011108446448857886], [0.03554805928145067], [-0.008930624194672712], [-0.01909738957096675], [0.010961398691762967], [0.02376170444668324], [0.1720454251579709], [-0.29097165725075735], [0.20490111137196282], [-0.06169655969743767], [-0.9109311209911329], [0.133331639392029], [0.3855135552329797], [1.9746122477404173], [2.1365753944489976], [1.417473791340376], [0.8909978768965346], [0.17852024060860114], [-0.044824928769076094], [-0.4150229304746449], [0.03388503596500329], [-0.013192188056121861], [-0.007664256218646567], [0.037161408900130706], [-0.024486319420222353], [0.001570043979367383], [0.020304336901254195], [0.03184824914882981], [0.4787457754645196], [-0.26217751519978255], [0.4734449945209587], [0.5982062236048924], [0.7062765551922079], [-0.2681680288962793], [-0.2672239695537914], [2.3015983294960045], [2.7333789049088173], [0.12284394112861857], [0.026876396366678483], [-0.035731466712126465], [-0.7187896190599156], [0.6937884440783394], [-0.007044608424444242], [0.03748637009411388], [0.0062208926798851], [0.038646525800145014], [0.00020133390009424614], [-0.00150137818348465], [-0.01597115988443696], [0.016042837026019406], [0.08268140015705513], [0.19103213191337598], [-0.8595571822192849], [0.048859391447489915], [-0.05329617839064017], [-0.12885369841907168], [0.9890242674677204], [1.9687925474291605], [2.7087373467485785], [0.12220307449149448], [-0.015069411859289386], [0.017738477460242732], [-0.7242452788728676], [0.6891495013957202], [-0.012297296293722676], [0.03455245703082757], [0.011187893564862876], [0.03834403141848144], [-0.0011041230706180217], [0.00036826556323248864], [-0.016167705791557], [0.016209547120215287], [0.031951870623034714], [-0.1387689090787768], [-0.8645665603727071], [-0.016887090302489347], [-0.03755427274789048], [-0.13881213302095077], [0.9894623259658077]]}, "BoneMaps": {"Hips": [[0.9453554326828638, -0.009085160737019999, 0.32591495328868203, 2.11373], [0.3260412624104784, 0.027686200854572632, -0.9449500306615323, 2.6971899594364874], [-0.00043832472326378244, 0.9995753768810479, 0.029135437783122355, 0.9279851178979195], [0.0, 0.0, 0.0, 1.0]], "RightUpLeg": [[0.99693897572046, 0.0497413111398, -0.060319820506399995, 2.0040199999999997], [-0.07089113094356576, 0.24974043522206463, -0.9657143281432031, 2.6710699593510756], [-0.03297159889014982, 0.967034393366983, 0.2525021914468065, 0.9299391167561779], [0.0, 0.0, 0.0, 1.0]], "RightLeg": [[0.99106188484544, 0.015030913760800003, -0.13255341857840003, 1.98065], [-0.11993621216765021, -0.3346592537789949, -0.9346755934738524, 2.560119978383582], [-0.05840926430097847, 0.9422193133283012, -0.3298652790946885, 0.49452611190639933], [0.0, 0.0, 0.0, 1.0]], "RightFoot": [[0.9986513747842232, 0.019731729840058, -0.0480217411530432, 1.96893], [-0.04795890950300149, -0.0036455235819756186, -0.9988426556302087, 2.709839995624752], [-0.019883957984612552, 0.9997986640164124, -0.002694293884091163, 0.10009411845086844], [0.0, 0.0, 0.0, 1.0]], "LeftUpLeg": [[0.99309378143926, -0.0708549610086, 0.0935111025558, 2.22478], [0.10894622014033623, 0.26116530675359784, -0.959126407732564, 2.722789959411178], [0.04353702927239062, 0.96269014431308, 0.26708101773313364, 0.9285641190169308], [0.0, 0.0, 0.0, 1.0]], "LeftLeg": [[0.9812893755888, -0.09087943229279999, 0.1697412809496, 2.2579], [0.1309655487467764, -0.3311771764763054, -0.9344355226437826, 2.6033699783675397], [0.14113539142868622, 0.9391819028277076, -0.3130785759501145, 0.494893113796917], [0.0, 0.0, 0.0, 1.0]], "LeftFoot": [[0.99892554878828, -0.02688384033926, -0.037749299422036, 2.30276], [-0.03744334099565053, 0.011794836693792303, -0.9992291428076991, 2.733119995602678], [0.027308363065639635, 0.9995689780895338, 0.010775544102046971, 0.10059911946846956], [0.0, 0.0, 0.0, 1.0]], "Spine": [[0.9512467195207893, 0.014902478804886, 0.308070891105717, 2.11282], [0.3081783900566125, -0.08635074818210746, -0.9474015588222606, 2.6991199559161902], [0.012483498040019294, 0.9961533369237802, -0.08673348755137557, 1.0085201179822825], [0.0, 0.0, 0.0, 1.0]], "Spine1": [[0.957385610471395, 0.0266974025388, 0.2875760112174, 2.11536], [0.2869607794512885, -0.20050738243200178, -0.93672310895416, 2.6834399481084628], [0.032653094596654116, 0.9793283411629409, -0.1996239893532679, 1.1871401172968878], [0.0, 0.0, 0.0, 1.0]], "Spine2": [[0.9795672539145152, 0.0248393825688, 0.19957709192176, 2.11849], [0.19827281972503072, -0.28556945719172744, -0.9376236032431415, 2.658109942665083], [0.03370310823398027, 0.9580360755218796, -0.2846594637501899, 1.3116701161896784], [0.0, 0.0, 0.0, 1.0]], "Neck": [[0.9794131660032477, 0.01826654423538, 0.20103772003140963, 2.1232800000000003], [0.20076272972737094, -0.19211420379866212, -0.9606177300002826, 2.603409934649726], [0.021075053170637674, 0.981202552454951, -0.19182642172899894, 1.4950401137986653], [0.0, 0.0, 0.0, 1.0]], "Neck1": [[0.9793827789241988, 0.0088145099494, 0.201820906399505, 2.1240799999999997], [0.201863100268044, -0.08122021158232018, -0.9760402490279532, 2.595249932827398], [0.00778861962991637, 0.9966572038007324, -0.08132500082622447, 1.5367301134419806], [0.0, 0.0, 0.0, 1.0]], "Head": [[0.9999990314836573, 0.000126771229725224, 0.0013859877947519671, 2.12446], [0.0013858682108462365, 0.000938578587212942, -0.9999985992197755, 2.591849930975347], [-0.00012807190969655276, 0.9999995514998619, 0.0009384019900913227, 1.5791001132933618], [0.0, 0.0, 0.0, 1.0]], "RightShoulder": [[0.94843273463232, 0.0324215988168, 0.3153160052072, 2.09335], [0.3068852465802011, -0.3429466452832423, -0.8878113728514402, 2.614149937122917], [0.07935230709358033, 0.9387952028416479, -0.33521153461626835, 1.4384601142681257], [0.0, 0.0, 0.0, 1.0]], "RightArm": [[0.19677438129199998, -0.860075551801, 0.470692258687, 1.9404], [0.3572468580864244, -0.3841787155538302, -0.8513410833237804, 2.564479937675865], [0.913047556034758, 0.3356752102125156, 0.23166225568569979, 1.425810112096981], [0.0, 0.0, 0.0, 1.0]], "RightForeArm": [[-0.3646433067720001, -0.866261451152, 0.34150429037999996, 1.88471], [0.7085787180865384, -0.02020350423993017, 0.7053414408512835, 2.464299948827078], [-0.6041111506790418, 0.4991818153848777, 0.6211817777114549, 1.170700107717974], [0.0, 0.0, 0.0, 1.0]], "RightHand": [[-0.13502349200199992, -0.27010156154, 0.9533178555940001, 1.9801300000000002], [0.7484867708860168, 0.6026395671965337, 0.27675689293778777, 2.2809099419119363], [-0.6492590709026054, 0.7509134082222135, 0.12079718683742831, 1.3289000997017426], [0.0, 0.0, 0.0, 1.0]], "RightHandThumb1": [[-0.8460394366419999, 0.01316849820999999, 0.532960493278, 2.00806], [0.25887526739375355, 0.884072412709557, 0.3891038952953295, 2.270459941388274], [-0.46605138415420355, 0.46716531645003345, -0.7513677845017299, 1.3408800992449588], [0.0, 0.0, 0.0, 1.0]], "RightHandThumb2": [[-0.43216864282, 0.7274512574, 0.53295973784, 2.04082], [0.8886108646526257, 0.2428387296181746, 0.38910306851733806, 2.26043994059972], [0.15362989706641483, 0.6417509697248193, -0.7513679759097662, 1.3589200988069705], [0.0, 0.0, 0.0, 1.0]], "RightHandThumb3": [[0.022396561861999786, 0.8458432547500001, 0.5329601729360001, 2.05244], [0.8811948014225474, -0.26850298514780996, 0.3891020382352727, 2.2365299407802484], [0.4722214305682491, 0.4609281547333626, -0.751366478591811, 1.3547900977618315], [0.0, 0.0, 0.0, 1.0]], "RightInHandIndex": [[-0.13502349200199992, -0.27010156154, 0.9533178555940001, 2.0031], [0.7484867708860168, 0.6026395671965337, 0.27675689293778777, 2.2645199406648504], [-0.6492590709026054, 0.7509134082222135, 0.12079718683742831, 1.357430098985313], [0.0, 0.0, 0.0, 1.0]], "RightHandIndex1": [[-0.44606685092999987, -0.12738878732399997, 0.885886147142, 2.0207800000000002], [0.8161919429898375, 0.3482280664406339, 0.4610484871750001, 2.225789939083809], [-0.36722320328711777, 0.928713735425534, -0.051359598522930656, 1.393600097292371], [0.0, 0.0, 0.0, 1.0]], "RightHandIndex2": [[-0.46389839945049993, 0.0012563136502, 0.8858860674465, 2.03776], [0.8807366548269925, 0.10832766623007774, 0.4610482560575826, 2.1947299384731616], [-0.09538683171157827, 0.9941144441480746, -0.051359652752740764, 1.4075700959346953], [0.0, 0.0, 0.0, 1.0]], "RightHandIndex3": [[-0.45471486928304516, 0.09185722570070001, 0.88588691036937, 2.04777], [0.8849303344548094, -0.06581598195340549, 0.4610483005778263, 2.1757199383831156], [0.10065620218803364, 0.993594737363229, -0.05135973476373882, 1.4096300951037417], [0.0, 0.0, 0.0, 1.0]], "RightInHandMiddle": [[-0.13502349200199992, -0.27010156154, 0.9533178555940001, 1.99105], [0.7484867708860168, 0.6026395671965337, 0.27675689293778777, 2.2597699406818976], [-0.6492590709026054, 0.7509134082222135, 0.12079718683742831, 1.3570400987776838], [0.0, 0.0, 0.0, 1.0]], "RightHandMiddle1": [[-0.2430544423616201, -0.17919671091, 0.9533178340476001, 2.00179], [0.9406340302287706, 0.19650556293551733, 0.27675810739979473, 2.2194299391493764], [-0.23692609626158112, 0.9639886696119128, 0.12079702966468131, 1.3921000970143667], [0.0, 0.0, 0.0, 1.0]], "RightHandMiddle2": [[-0.298051218516, -0.048499527821800004, 0.9533170813978001, 2.01188], [0.9266242635795043, -0.25450475251704646, 0.27675800386920835, 2.1803699387192563], [0.22920108208623344, 0.9658546121258658, 0.12079626328327679, 1.4019400953069996], [0.0, 0.0, 0.0, 1.0]], "RightHandMiddle3": [[-0.2983804122, 0.046431442292000025, 0.953316652456, 2.01964], [0.8018204081609582, -0.5296115479261705, 0.27675809039983146, 2.1562499389802134], [0.5177379180046842, 0.8469685103139456, 0.12079618698548063, 1.3959700942526811], [0.0, 0.0, 0.0, 1.0]], "RightInHandRing": [[-0.13502349200199992, -0.27010156154, 0.9533178555940001, 1.9820900000000001], [0.7484867708860168, 0.6026395671965337, 0.27675689293778777, 2.257449940729106], [-0.6492590709026054, 0.7509134082222135, 0.12079718683742831, 1.3559600986762737], [0.0, 0.0, 0.0, 1.0]], "RightHandRing1": [[-0.0942813624067198, -0.25520038465039996, 0.9622806722007998, 1.98393], [0.9736620299212458, 0.1779