{"git_commit": "684739abaa0b218663a97d9fc69b976f04fcd248", "in": {"param": {"q0": [[0.0, 0.0, 0.0, 0.0, 0.0, 0.0, 0.0, 0.0, 0.0, 0.0, 0.0, 0.0, 0.0, 0.0, 0.0, 0.0, 0.0, 0.0, 0.0, 0.0, 0.0, 0.0, 0.0, 0.0, 0.0, 0.0, 0.0, 0.0, 0.0, 0.0, 0.0, 0.0, 0.0, 0.0, 0.0]], "dq_vel_limit_factor": [100], "dt": [100], "root_dir_z": [-0.12880644646530554, -0.03704750542674895, 0.9909774879837763], "root_dir_y": [0.21431253638472292, -0.9767267610814929, -0.008658575841508254], "root_pos": [0.17170435190200806, -0.0361177921295166, 0.5586267709732056], "torso_dir": [0.22066177656671204, 0.02076615973316387, 0.9751292975664094], "shoulder_dir": [0.1843761344958338, -0.9827948916179182, -0.010938100296603486], "head_front_dir": [0.9920198912578484, 0.07880115166365387, -0.09842212071098855], "head_up_dir": [0.09592067493640977, 0.034932593667402534, 0.9947758229970266], "L_upper_arm_dir": [-0.020504059126463914, 0.2177665384276397, -0.9757854878509835], "L_lower_arm_dir": [0.29210827667802425, 0.028624853222972257, -0.9559567837900198], "R_upper_arm_dir": [0.09202807595149318, -0.22444689891690095, -0.9701311369104966], "R_lower_arm_dir": [0.35325530907911584, 0.14979609071327205, -0.9234564514986284], "L_upper_leg_dir": [0.3881529715689494, 0.1346898695486183, -0.9116994623795555], "L_lower_leg_dir": [-0.2776040057348676, -0.12008946833851114, -0.9531602885108723], "R_upper_leg_dir": [0.41375224444866815, 0.06741794928911982, -0.9078898062690974], "R_lower_leg_dir": [-0.236344182434635, 0.004014931626596533, -0.9716611074615149], "L_foot_dir_front": [0.9212515649402248, 0.3260540571380315, -0.21209503982652744], "R_foot_dir_front": [0.9735945755223884, 0.10740629379772487, -0.2014385528294357], "L_hand_dir_front": [0.7890144766251026, -0.0866127173477298, -0.6082387630442979], "L_hand_dir_outside": [-0.5021187684518724, 0.6608143498184481, -0.5578540467204629], "R_hand_dir_front": [0.7204361788575556, 0.4148310891936524, -0.5557759257394412], "R_hand_dir_outside": [-0.20335938205282988, -0.7776012204809404, -0.5949632792346458], "PosInHand_BodyRightHandThumbTip": [0.023292935559728483, -0.0559163491020518, -0.056824396664034514], "PosInHand_BodyRightHandIndexTip": [0.010765679196256928, -0.09309565269591426, -0.060610861927939054], "PosInHand_BodyRightHandMiddleTip": [-0.004348196007368838, -0.0820667663840002, -0.0690889023421922], "PosInHand_BodyRightHandRingTip": [-0.015515451908373412, -0.07081654308607731, -0.06982927066269182], "PosInHand_BodyRightHandLittleTip": [-0.013250155226641705, -0.10725089293860286, -0.059373859683923294], "PosInHand_BodyLeftHandThumbTip": [-0.027190412695513033, 0.05717499996726087, 0.04965296749629532], "PosInHand_BodyLeftHandIndexTip": [-0.011399294318796872, 0.10525115026284614, 0.05329576281548645], "PosInHand_BodyLeftHandMiddleTip": [0.005096733442830243, 0.0962587357307967, 0.06521272256824956], "PosInHand_BodyLeftHandRingTip": [0.01822907010958701, 0.08545139997003542, 0.06636354217138754], "PosInHand_BodyLeftHandLittleTip": [0.01681660366324355, 0.1157395267727348, 0.054692124894741796], "DirInHand_BodyRightHandThumbTip": [0.17954453956825733, 0.8553927602034099, 0.4858672494651337], "DirInHand_BodyRightHandIndexTip": [0.08925893103293298, 0.039681469535473135, 0.995217676795566], "DirInHand_BodyRightHandMiddleTip": [-0.1128734185994891, -0.33457177425135554, 0.935586083291091], "DirInHand_BodyRightHandRingTip": [-0.3072801199518935, -0.3621666535729202, 0.8800080925321897], "DirInHand_BodyRightHandLittleTip": [-0.4113507097840463, -0.05371345866172515, 0.9098931024679536], "DirInHand_BodyLeftHandThumbTip": [0.23978191495118784, 0.8645487484803593, 0.44165608199523965], "DirInHand_BodyLeftHandIndexTip": [0.09351373864107099, 0.25210292072421875, 0.9631714790460151], "DirInHand_BodyLeftHandMiddleTip": [-0.06454727658294962, -0.06264333589461712, 0.995946515408191], "DirInHand_BodyLeftHandRingTip": [-0.23422762578774364, -0.05064461972314371, 0.9708617521619309], "DirInHand_BodyLeftHandLittleTip": [-0.3106409829639267, 0.20142757533619857, 0.9289397782404333]}, "weight": {"head_dir_weight": 5.0, "root_pos_weight": 100.0, "root_dir_weight": 100.0, "torso_dir_weight": 50.0, "shoulder_dir_weight": 0.0, "upper_arm_weight": 20.0, "L_upper_arm_weight": 20.0, "R_upper_arm_weight": 20.0, "lower_arm_weight": 10.0, "L_lower_arm_weight": 10.0, "R_lower_arm_weight": 10.0, "hand_dir_front_weight": 5.0, "hand_dir_outside_weight": 3.0, "finger_weight": 10.0, "upper_leg_weight": 50.0, "lower_leg_weight": 30.0, "foot_pos_weight": 10.0, "hand_pos_weight": 10.0, "L_hand_pos_weight": 10.0, "R_hand_pos_weight": 10.0, "foot_dir_x_weight": 10.0, "foot_dir_y_weight": 10.0, "joint_vel_cost_weight": 0.0010000000474974513, "hand_joint_vel_cost_weight": 0.0, "leg_joint_vel_cost_weight": 0.0010000000474974513, "arm_joint_vel_cost_weight": 0.0010000000474974513, "waist_joint_vel_cost_weight": 0.0010000000474974513, "default_config_cost_weight": 0.10000000149011612, "shoulder_roll_default_cost_weight": 0.0, "finger_turbo_factor": 1.0, "thumb_pos_weight": 10.0}}, "out": {"q": [[0.17169576711352447, -0.03611598633017318, 0.5585988410307379, 0.21573373580373584, 0.025159143132657796, 0.22116623365102778, -0.045491589171541905, -0.09459734229705535, -0.12269927378936885, -0.23533687077431134, 0.20937373640914797, -0.5678746022602229, -0.36824865173910415, -0.28095499631627274, -0.4823234656566169, 0.3255843746271607, 0.5831523219281917, 0.7298637854155928, 0.5125645075610491, 0.7679105374222399, 0.41639900590267054, 0.2598815659674144, -0.26663670197223377, -0.2611379526365566, 0.6288708620900044, -0.46109185888180537, 0.22653881844135487, -0.4503955800800286, -0.2950464912342418, 0.5089115692288774, 0.5985969816370595, 0.45645599979105, 0.682175163788423, 0.48317573597202623, 0.18026375006725323]], "v": [[0.0017169576711352447, -0.00036115986330173186, 0.005585988410307378, 0.0021573373580373585, 0.000251591431326578, 0.0022116623365102776, -0.000454915891715419, -0.0009459734229705536, -0.0012269927378936885, -0.0023533687077431135, 0.0020937373640914797, -0.005678746022602229, -0.0036824865173910415, -0.0028095499631627277, -0.004823234656566169, 0.003255843746271607, 0.005831523219281916, 0.0072986378541559285, 0.005125645075610491, 0.007679105374222399, 0.004163990059026706, 0.002598815659674144, -0.0026663670197223377, -0.0026113795263655658, 0.0062887086209000445, -0.004610918588818054, 0.002265388184413549, -0.004503955800800286, -0.002950464912342418, 0.005089115692288774, 0.005985969816370596, 0.0045645599979105, 0.006821751637884231, 0.004831757359720262, 0.0018026375006725322]]}, "extended": {"labels": ["root_pos/x", "root_pos/y", "root_pos/z", "dof_pos/virtual_yaw_joint", "dof_pos/waistRoll", "dof_pos/waistPitch", "dof_pos/waistYaw", "dof_pos/neckYaw", "dof_pos/neckPitch", "dof_pos/shoulderPitch_Left", "dof_pos/shoulderRoll_Left", "dof_pos/shoulderYaw_Left", "dof_pos/elbow_Left", "dof_pos/wristYaw_Left", "dof_pos/wristPitch_Left", "dof_pos/wristRoll_Left", "dof_pos/L_index_MCP_joint", "dof_pos/L_index_DIP_joint", "dof_pos/L_middle_MCP_joint", "dof_pos/L_middle_DIP_joint", "dof_pos/L_pinky_MCP_joint", "dof_pos/L_pinky_DIP_joint", "dof_pos/L_ring_MCP_joint", "dof_pos/L_ring_DIP_joint", "dof_pos/L_thumb_MCP_joint1", "dof_pos/L_thumb_MCP_joint2", "dof_pos/L_thumb_PIP_joint", "dof_pos/L_thumb_DIP_joint", "dof_pos/shoulderPitch_Right", "dof_pos/shoulderRoll_Right", "dof_pos/shoulderYaw_Right", "dof_pos/elbow_Right", "dof_pos/wristYaw_Right", "dof_pos/wristPitch_Right", "dof_pos/wristRoll_Right", "dof_pos/R_index_MCP_joint", "dof_pos/R_index_DIP_joint", "dof_pos/R_middle_MCP_joint", "dof_pos/R_middle_DIP_joint", "dof_pos/R_pinky_MCP_joint", "dof_pos/R_pinky_DIP_joint", "dof_pos/R_ring_MCP_joint", "dof_pos/R_ring_DIP_joint", "dof_pos/R_thumb_MCP_joint1", "dof_pos/R_thumb_MCP_joint2", "dof_pos/R_thumb_PIP_joint", "dof_pos/R_thumb_DIP_joint", "root_vel_body/x", "root_vel_body/y", "root_vel_body/z", "dof_vel/virtual_yaw_joint", "dof_vel/waistRoll", "dof_vel/waistPitch", "dof_vel/waistYaw", "dof_vel/neckYaw", "dof_vel/neckPitch", "dof_vel/shoulderPitch_Left", "dof_vel/shoulderRoll_Left", "dof_vel/shoulderYaw_Left", "dof_vel/elbow_Left", "dof_vel/wristYaw_Left", "dof_vel/wristPitch_Left", "dof_vel/wristRoll_Left", "dof_vel/L_index_MCP_joint", "dof_vel/L_index_DIP_joint", "dof_vel/L_middle_MCP_joint", "dof_vel/L_middle_DIP_joint", "dof_vel/L_pinky_MCP_joint", "dof_vel/L_pinky_DIP_joint", "dof_vel/L_ring_MCP_joint", "dof_vel/L_ring_DIP_joint", "dof_vel/L_thumb_MCP_joint1", "dof_vel/L_thumb_MCP_joint2", "dof_vel/L_thumb_PIP_joint", "dof_vel/L_thumb_DIP_joint", "dof_vel/shoulderPitch_Right", "dof_vel/shoulderRoll_Right", "dof_vel/shoulderYaw_Right", "dof_vel/elbow_Right", "dof_vel/wristYaw_Right", "dof_vel/wristPitch_Right", "dof_vel/wristRoll_Right", "dof_vel/R_index_MCP_joint", "dof_vel/R_index_DIP_joint", "dof_vel/R_middle_MCP_joint", "dof_vel/R_middle_DIP_joint", "dof_vel/R_pinky_MCP_joint", "dof_vel/R_pinky_DIP_joint", "dof_vel/R_ring_MCP_joint", "dof_vel/R_ring_DIP_joint", "dof_vel/R_thumb_MCP_joint1", "dof_vel/R_thumb_MCP_joint2", "dof_vel/R_thumb_PIP_joint", "dof_vel/R_thumb_DIP_joint", "torso/pos_x", "torso/pos_y", "torso/pos_z", "torso_quat/x", "torso_quat/y", "torso_quat/z", "torso_quat/w", "torso/vel_local_x", "torso/vel_local_y", "torso/vel_local_z", "torso/vel_local_norm", "torso/ang_vel_local_x", "torso/ang_vel_local_y", "torso/ang_vel_local_z", "torso/ang_vel_local_norm", "torso/pos_x_body", "torso/pos_y_body", "torso/pos_z_body", "torso_quat_body/x", "torso_quat_body/y", "torso_quat_body/z", "torso_quat_body/w", "shoulderRollLeft/pos_x", "shoulderRollLeft/pos_y", "shoulderRollLeft/pos_z", "shoulderRollLeft_quat/x", "shoulderRollLeft_quat/y", "shoulderRollLeft_quat/z", "shoulderRollLeft_quat/w", "shoulderRollLeft/vel_local_x", "shoulderRollLeft/vel_local_y", "shoulderRollLeft/vel_local_z", "shoulderRollLeft/vel_local_norm", "shoulderRollLeft/ang_vel_local_x", "shoulderRollLeft/ang_vel_local_y", "shoulderRollLeft/ang_vel_local_z", "shoulderRollLeft/ang_vel_local_norm", "shoulderRollLeft/pos_x_body", "shoulderRollLeft/pos_y_body", "shoulderRollLeft/pos_z_body", "shoulderRollLeft_quat_body/x", "shoulderRollLeft_quat_body/y", "shoulderRollLeft_quat_body/z", "shoulderRollLeft_quat_body/w", "elbowLeft/pos_x", "elbowLeft/pos_y", "elbowLeft/pos_z", "elbowLeft_quat/x", "elbowLeft_quat/y", "elbowLeft_quat/z", "elbowLeft_quat/w", "elbowLeft/vel_local_x", "elbowLeft/vel_local_y", "elbowLeft/vel_local_z", "elbowLeft/vel_local_norm", "elbowLeft/ang_vel_local_x", "elbowLeft/ang_vel_local_y", "elbowLeft/ang_vel_local_z", "elbowLeft/ang_vel_local_norm", "elbowLeft/pos_x_body", "elbowLeft/pos_y_body", "elbowLeft/pos_z_body", "elbowLeft_quat_body/x", "elbowLeft_quat_body/y", "elbowLeft_quat_body/z", "elbowLeft_quat_body/w", "shoulderRollRight/pos_x", "shoulderRollRight/pos_y", "shoulderRollRight/pos_z", "shoulderRollRight_quat/x", "shoulderRollRight_quat/y", "shoulderRollRight_quat/z", "shoulderRollRight_quat/w", "shoulderRollRight/vel_local_x", "shoulderRollRight/vel_local_y", "shoulderRollRight/vel_local_z", "shoulderRollRight/vel_local_norm", "shoulderRollRight/ang_vel_local_x", "shoulderRollRight/ang_vel_local_y", "shoulderRollRight/ang_vel_local_z", "shoulderRollRight/ang_vel_local_norm", "shoulderRollRight/pos_x_body", "shoulderRollRight/pos_y_body", "shoulderRollRight/pos_z_body", "shoulderRollRight_quat_body/x", "shoulderRollRight_quat_body/y", "shoulderRollRight_quat_body/z", "shoulderRollRight_quat_body/w", "elbowRight/pos_x", "elbowRight/pos_y", "elbowRight/pos_z", "elbowRight_quat/x", "elbowRight_quat/y", "elbowRight_quat/z", "elbowRight_quat/w", "elbowRight/vel_local_x", "elbowRight/vel_local_y", "elbowRight/vel_local_z", "elbowRight/vel_local_norm", "elbowRight/ang_vel_local_x", "elbowRight/ang_vel_local_y", "elbowRight/ang_vel_local_z", "elbowRight/ang_vel_local_norm", "elbowRight/pos_x_body", "elbowRight/pos_y_body", "elbowRight/pos_z_body", "elbowRight_quat_body/x", "elbowRight_quat_body/y", "elbowRight_quat_body/z", "elbowRight_quat_body/w"], "result": [[0.17169576711352447], [-0.03611598633017318], [0.5585988410307379], [0.21573373580373584], [0.025159143132657796], [0.22116623365102778], [-0.045491589171541905], [-0.09459734229705535], [-0.12269927378936885], [-0.23533687077431134], [0.20937373640914797], [-0.5678746022602229], [-0.36824865173910415], [-0.28095499631627274], [-0.4823234656566169], [0.3255843746271607], [0.5831523219281917], [0.6204682390083767], [0.7298637854155928], [0.7765677690443366], [0.5125645075610491], [0.49991351039988063], [0.7679105374222399], [0.7715991327118891], [0.41639900590267054], [0.2598815659674144], [0.34668200900053087], [0.17334100450026543], [-0.26663670197223377], [-0.2611379526365566], [0.6288708620900044], [-0.46109185888180537], [0.22653881844135487], [-0.4503955800800286], [-0.2950464912342418], [0.5089115692288774], [0.5414768205438333], [0.5985969816370595], [0.636901202492015], [0.45645599979105], [0.4856646192176793], [0.682175163788423], [0.6803775525192443], [0.48317573597202623], [0.18026375006725323], [0.24047184258971582], [0.12023592129485791], [0.0017169576711352447], [-0.00036115986330173186], [0.005585988410307378], [0.0021573373580373585], [0.000251591431326578], [0.0022116623365102776], [-0.000454915891715419], [-0.0009459734229705536], [-0.0012269927378936885], [-0.0023533687077431135], [0.0020937373640914797], [-0.005678746022602229], [-0.0036824865173910415], [-0.0028095499631627277], [-0.004823234656566169], [0.003255843746271607], [0.005831523219281916], [0.006204682390083766], [0.0072986378541559285], [0.007765677690443366], [0.005125645075610491], [0.005453635103998806], [0.007679105374222399], [0.00817049132711889], [0.004163990059026706], [0.002598815659674144], [0.003466820090005308], [0.001733410045002654], [-0.0026663670197223377], [-0.0026113795263655658], [0.0062887086209000445], [-0.004610918588818054], [0.002265388184413549], [-0.004503955800800286], [-0.002950464912342418], [0.005089115692288774], [0.0054147682054383325], [0.005985969816370596], [0.00636901202492015], [0.0045645599979105], [0.004856646192176793], [0.006821751637884231], [0.007258275525192442], [0.004831757359720262], [0.0018026375006725322], [0.002404718425897158], [0.001202359212948579], [0.18365501187567806], [-0.036375449749080566], [0.7669787775030901], [-0.001976137335213202], [0.11103755381051848], [0.08587552555850571], [0.9900970410192422], [0.0004814088894325415], [-0.000566331363678193], [0.0058176743085497145], [0.0058649654809444255], [-0.0003304467618263875], [0.0022532371238985455], [0.0017043985407173379], [0.0028445117304232593], [0.011626482739638152], [-0.0028134952730981314], [0.2083799364723522], [0.00998940816646049], [0.1106049510622163], [-0.02121526442982785], [0.9935877762332733], [0.2424918507709382], [0.17134288847019113], [1.0356839432229108], [0.10742172755208217], [0.005740683532882085], [0.04539334255310514], [0.993160138876988], [0.0020294224024036836], [0.0008062157229079709], [0.005391548571912536], [0.005816986770015389], [0.0019661514940951487], [0.00022030161216537105], [0.000924777340314902], [0.0021839179534073965], [0.11356452229349302], [0.18749498518870175], [0.4770851021921729], [0.10741542276767736], [-0.005857469533818883], [-0.061791931728788656], [0.9922748481018383], [0.18742443667872166], [0.23248771151776096], [0.781326717803912], [0.05683624530674879], [-0.14187914171807198], [-0.24926481250894636], [0.9562985954238635], [0.002703215850099344], [0.0021323922306945575], [0.004768488314702331], [0.005881577455513742], [-0.00027545491977795764], [-0.002439284339367513], [-0.004989296108866624], [0.0055604909102582945], [0.0728625118523309], [0.25901040888436205], [0.22272787677317418], [0.041231515393136624], [-0.1471734071549994], [-0.3507691028041895], [0.9239052910784299], [0.31014333260123844], [-0.21986218870951177], [1.0306573250656765], [-0.11536415939525986], [-0.03038761000151284], [0.12750159856727422], [0.984637520231791], [0.0028016349185807396], [-0.0019466806147663232], [0.005026074121705177], [0.006074548930562035], [-0.002305085097533536], [-0.0009189785308004969], [0.0024657276683682414], [0.003498249816908466], [0.09590480796613501], [-0.20912355937885735], [0.47205848403493866], [-0.11796512746219287], [-0.01779114435351353], [0.020756638244681786], [0.9926413581219555], [0.28772307266504604], [-0.3007745421683889], [0.7765273799547813], [-0.01866064041569225], [-0.19835360455561282], [0.4417301851956112], [0.8747468614097011], [0.002880073641150067], [-0.003969978978377122], [0.004157932046321387], [0.0064299266068151995], [0.0017415282119750092], [-0.003998164540163784], [0.008910090097892042], [0.009920077910776799], [0.05668381953958406], [-0.2833609560513233], [0.2179285389240434], [-0.039906500196164305], [-0.1951918112601595], [0.34498951884923224], [0.9172185453550572]]}, "BoneMaps": {"BodyRoot": [[0.9668939785082648, -0.25517843624503084, 0.0, 0.17170435190200806], [0.25517843624503084, 0.9668939785082648, 0.0, -0.0361177921295166], [0.0, 0.0, 1.0, 0.0], [0.0, 0.0, 0.0, 1.0]], "BodyHips": [[-0.21431253638472292, -0.12880644646530554, 0.968235010778544, 0.17170435190200806], [0.9767267610814929, -0.03704750542674895, 0.2112636185643692, -0.0361177921295166], [0.008658575841508254, 0.9909774879837763, 0.13374844811720787, 0.5586267709732056], [0.0, 0.0, 0.0, 1.0]], "BodySpineLower": [[-0.21260734749341736, -0.06426653267019677, 0.9750220144029383, 0.14675238728523254], [0.9769386563124189, -0.03412064099811429, 0.21077628818337996, -0.04169447720050812], [0.019722514908060762, 0.9973492841710112, 0.0700387590500644, 0.570102334022522], [0.0, 0.0, 0.0, 1.0]], "BodySpineMiddle": [[-0.19237877461381858, 0.1900452399974048, 0.962742548053432, 0.1525934934616089], [0.981088822035953, 0.015919497267568472, 0.19290228843342966, -0.04205785691738129], [0.021333784338271045, 0.981646258262658, -0.18951383401939692, 0.6510695219039917], [0.0, 0.0, 0.0, 1.0]], "BodySpineUpper": [[-0.19619381301717653, 0.22066177656671204, 0.9554142390064131, 0.15273742377758026], [0.9802830012597767, 0.02076615973316387, 0.19650446318356485, -0.04381740093231201], [0.023520739250827205, 0.9751292975664094, -0.22038518065590385, 0.7332843542098999], [0.0, 0.0, 0.0, 1.0]], "BodyChest": [[-0.21846083609600564, 0.21933745256687492, 0.9508764088953452, 0.1947493553161621], [0.9755370199728648, 0.024579645425388597, 0.21845677763169608, -0.03848646581172943], [0.024543548127690162, 0.975339388588524, -0.21934149473610232, 0.8615386486053467], [0.0, 0.0, 0.0, 1.0]], "BodyNeck": [[-0.08182747929477574, 0.2493202870473908, 0.9649578530168403, 0.25345492362976074], [0.9962781345870362, 0.04678416347967396, 0.07239558405927055, -0.027242735028266907], [-0.027095058147914353, 0.9672903579143721, -0.25222058066273556, 0.9371678829193115], [0.0, 0.0, 0.0, 1.0]], "BodyHead": [[-0.08182762045000569, 0.09592067493640977, 0.9920198912578484, 0.2663484811782837], [0.9962781200027179, 0.034932593667402534, 0.07880115166365387, -0.024823307991027832], [-0.02709516811794721, 0.9947758229970266, -0.09842212071098855, 0.9871913194656372], [0.0, 0.0, 0.0, 1.0]], "BodyLeftShoulder": [[-0.1066929891583559, -0.43509083213855926, 0.8940428255142092, 0.2703421711921692], [-0.3684371370066719, 0.8524646851906706, 0.370888172603411, -0.0009480118751525879], [-0.9235099794473158, -0.28982741121527267, -0.25125562594591067, 0.8834472894668579], [0.0, 0.0, 0.0, 1.0]], "BodyLeftScapula": [[-0.013865831152666708, -0.20675963244289103, 0.9782935107208502, 0.2065361887216568], [-0.3634365026368018, 0.9125132170619615, 0.18770598615483575, 0.10466842353343964], [-0.9315157794034278, -0.3529448725782966, -0.0877967518938727, 0.8782016038894653], [0.0, 0.0, 0.0, 1.0]], "BodyLeftArmUpper": [[-0.5010402488982701, -0.020504059126463914, 0.8651810518864234, 0.20488037168979645], [-0.8468243274671369, 0.2177665384276397, -0.4852486920652901, 0.10599870979785919], [-0.1784579149093446, -0.9757854878509835, -0.12647313669561355, 0.8540886640548706], [0.0, 0.0, 0.0, 1.0]], "BodyLeftArmLower": [[-0.501040411016805, 0.29210827667802425, 0.8146356616453192, 0.20056085288524628], [-0.8468241842365516, 0.028624853222972257, -0.5311020794254742, 0.148909330368042], [-0.17845813940588673, -0.9559567837900198, 0.23302214488247852, 0.662582278251648], [0.0, 0.0, 0.0, 1.0]], "BodyLeftHandWristTwist": [[-0.32827361880365835, 0.21020015484379662, 0.9208975654768529, 0.2515932321548462], [-0.9437017978965243, -0.030889095284808432, -0.3293520615380349, 0.15648673474788666], [-0.04078416168585608, -0.977170281320574, 0.20850633913493366, 0.4923543334007263], [0.0, 0.0, 0.0, 1.0]], "BodyRightShoulder": [[0.28771591932123386, 0.12440715148140037, -0.9496011849347182, 0.2793610095977783], [-0.33232150290209417, 0.9428895984658816, 0.022839085221215888, -0.04122565686702728], [0.8982104255006343, 0.3090017245342369, 0.3126275191931077, 0.8824307322502136], [0.0, 0.0, 0.0, 1.0]], "BodyRightScapula": [[0.19838558330106992, -0.10654663451905588, -0.9743156444453497, 0.25664132833480835], [-0.353297125700965, 0.9194725323691595, -0.1724859507034749, -0.16241101920604706], [0.9142342704743304, 0.37844164264957386, 0.1447674749346739, 0.8752291202545166], [0.0, 0.0, 0.0, 1.0]], "BodyRightArmUpper": [[0.7895960085594057, -0.09202807595149318, -0.6066868850599303, 0.25407546758651733], [-0.5771443349364641, 0.22444689891690095, -0.7851929738716037, -0.16376356780529022], [0.2084287886012905, 0.9701311369104966, 0.12410889282781445, 0.8511922955513], [0.0, 0.0, 0.0, 1.0]], "BodyRightArmLower": [[0.7895959696328995, -0.35325530907911584, -0.5017458433777997, 0.2719355821609497], [-0.5771443526083181, -0.14979609071327205, -0.8027861031802591, -0.20808742940425873], [0.20842888713373325, 0.9234564514986284, -0.32215769615788137, 0.6607980132102966], [0.0, 0.0, 0.0, 1.0]], "BodyRightHandWristTwist": [[0.5502110875128869, -0.25607772639674453, -0.7947905115320391, 0.334970623254776], [-0.8350212908228251, -0.17179186662319368, -0.5227111998366802, -0.1840738207101822], [-0.002683849934200344, 0.9512684965905225, -0.3083521434073999, 0.496210515499115], [0.0, 0.0, 0.0, 1.0]], "BodyLeftHandPalm": [[-0.4102435045972803, 0.7890144766251026, -0.4573362249065306, 0.29954177141189575], [0.6626838989617188, -0.0866127173477298, -0.7438738382619304, 0.1402207612991333], [-0.6265383603520503, -0.6082387630442979, -0.48733488499973654, 0.42617547512054443], [0.0, 0.0, 0.0, 1.0]], "BodyLeftHandWrist": [[-0.4102435045972803, 0.7890144766251026, -0.4573362249065306, 0.2703039050102234], [0.6626838989617188, -0.0866127173477298, -0.7438738382619304, 0.14463293552398682], [-0.6265383603520503, -0.6082387630442979, -0.48733488499973654, 0.4489127993583679], [0.0, 0.0, 0.0, 1.0]], "BodyLeftHandThumbMetacarpal": [[0.7639998864508456, 0.6374136116883612, -0.10004029756800024, 0.299530565738678], [0.600755111749293, -0.6461908116779889, 0.4706705117277227, 0.1093205064535141], [0.2353666697096033, -0.41969193766063806, -0.8766191922679252, 0.4326503276824951], [0.0, 0.0, 0.0, 1.0]], "BodyLeftHandThumbProximal": [[0.6517259476499171, 0.5704446937348475, -0.49984611686955577, 0.3197251558303833], [0.739645607072998, -0.33215894674288604, 0.5853159916116022, 0.08884791284799576], [0.16786204186007586, -0.7511746038627856, -0.6384035161354875, 0.41935354471206665], [0.0, 0.0, 0.0, 1.0]], "BodyLeftHandThumbDistal": [[0.7799806563866745, 0.38178717992378386, -0.49585151498049973, 0.33850958943367004], [0.6026138713059582, -0.24451770699062725, 0.7596496646992562, 0.07791014015674591], [0.1687800277647166, -0.8913190451313663, -0.4207893321055698, 0.39461761713027954], [0.0, 0.0, 0.0, 1.0]], "BodyLeftHandThumbTip": [[0.7799806563866745, 0.38178717992378386, -0.49585151498049973, 0.3479017913341522], [0.6026138713059582, -0.24451770699062725, 0.7596496646992562, 0.07244124263525009], [0.1687800277647166, -0.8913190451313663, -0.4207893321055698, 0.38224971294403076], [0.0, 0.0, 0.0, 1.0]], "BodyLeftHandIndexMetacarpal": [[-0.4102435045972803, 0.7890144766251026, -0.4573362249065306, 0.3009093999862671], [0.6626838989617188, -0.0866127173477298, -0.7438738382619304, 0.12125405669212341], [-0.6265383603520503, -0.6082387630442979, -0.48733488499973654, 0.431583046913147], [0.0, 0.0, 0.0, 1.0]], "BodyLeftHandIndexProximal": [[-0.4031987945573623, 0.47782043732477897, -0.7804603524473533, 0.35026484727859497], [0.7187611962504827, -0.3625153235856793, -0.5932663676040851, 0.116019606590271], [-0.5664036324319125, -0.8001689008205252, -0.19727304764616904, 0.4029200077056885], [0.0, 0.0, 0.0, 1.0]], "BodyLeftHandIndexIntermediate": [[-0.4488401179312098, -0.009286189317091076, -0.893563828287306, 0.3679242730140686], [0.6928732090251066, -0.6350989144886505, -0.34143240184638285, 0.10262174159288406], [-0.5643308114490557, -0.7723749966844513, 0.29149202346881586, 0.37334728240966797], [0.0, 0.0, 0.0, 1.0]], "BodyLeftHandIndexDistal": [[-0.4716807209173042, -0.279943757981772, -0.8361511764519476, 0.3677046298980713], [0.7150256056386359, -0.6763433351084518, -0.17691262344863762, 0.08758102357387543], [-0.5159996906937396, -0.6813157751156365, 0.51918506698724, 0.35505545139312744], [0.0, 0.0, 0.0, 1.0]], "BodyLeftHandIndexTip": [[-0.4716807209173042, -0.279943757981772, -0.8361511764519476, 0.36759477853775024], [0.7150256056386359, -0.6763433351084518, -0.17691262344863762, 0.08006066083908081], [-0.5159996906937396, -0.6813157751156365, 0.51918506698724, 0.3459094762802124], [0.0, 0.0, 0.0, 1.0]], "BodyLeftHandMiddleMetacarpal": [[-0.4102435045972803, 0.7890144766251026, -0.4573362249065306, 0.3181803822517395], [0.6626838989617188, -0.0866127173477298, -0.7438738382619304, 0.12955346703529358], [-0.6265383603520503, -0.6082387630442979, -0.48733488499973654, 0.40787041187286377], [0.0, 0.0, 0.0, 1.0]], "BodyLeftHandMiddleProximal": [[-0.5021187684518724, 0.38732935466260077, -0.7732093593490885, 0.3433986008167267], [0.6608143498184481, -0.404905314442521, -0.6319620885861942, 0.13360249996185303], [-0.5578540467204629, -0.8282678657009798, -0.052642237839468864, 0.3920694589614868], [0.0, 0.0, 0.0, 1.0]], "BodyLeftHandMiddleIntermediate": [[-0.524067390437428, -0.2598827475544394, -0.8110575366789092, 0.3596007227897644], [0.6492375756494636, -0.7382540682713361, -0.18295218240192912, 0.11666534841060638], [-0.5512204102216387, -0.6224483016318522, 0.5556205280141395, 0.35742294788360596], [0.0, 0.0, 0.0, 1.0]], "BodyLeftHandMiddleDistal": [[-0.6137178933762142, -0.47842881749293853, -0.6280574925452052, 0.3526242673397064], [0.6276717047621021, -0.7782072884880762, -0.020534049407570365, 0.09684651345014572], [-0.4789348373118188, -0.4068160305793573, 0.7778959691840273, 0.34071290493011475], [0.0, 0.0, 0.0, 1.0]], "BodyLeftHandMiddleTip": [[-0.6137178933762142, -0.47842881749293853, -0.6280574925452052, 0.34913602471351624], [0.6276717047621021, -0.7782072884880762, -0.020534049407570365, 0.0869370847940445], [-0.4789348373118188, -0.4068160305793573, 0.7778959691840273, 0.3323579430580139], [0.0, 0.0, 0.0, 1.0]], "BodyLeftHandRingMetacarpal": [[-0.4102435045972803, 0.7890144766251026, -0.4573362249065306, 0.2883668541908264], [0.6626838989617188, -0.0866127173477298, -0.7438738382619304, 0.14701859652996063], [-0.6265383603520503, -0.6082387630442979, -0.48733488499973654, 0.41629141569137573], [0.0, 0.0, 0.0, 1.0]], "BodyLeftHandRingProximal": [[-0.6015934554508937, 0.33723688325831125, -0.7241247122760512, 0.32860466837882996], [0.5952239632003131, -0.4153035811878545, -0.6879181412672991, 0.14369267225265503], [-0.5327229561327034, -0.844863432764588, 0.04911244227759859, 0.38258087635040283], [0.0, 0.0, 0.0, 1.0]], "BodyLeftHandRingIntermediate": [[-0.6616007930311856, -0.1548803917397579, -0.7336868916063896, 0.341419517993927], [0.5422166280296752, -0.774666617771012, -0.32541167710970376, 0.1279112994670868], [-0.5179628547962062, -0.6131098560337783, 0.5964987724091341, 0.35047632455825806], [0.0, 0.0, 0.0, 1.0]], "BodyLeftHandRingDistal": [[-0.6971141806708996, -0.3878792246879466, -0.6029772186103034, 0.33740901947021484], [0.4876596530453899, -0.8730310661707033, -0.0021955164529423588, 0.10785175859928131], [-0.5255662488204415, -0.29557818687501713, 0.7977553845286707, 0.3346002697944641], [0.0, 0.0, 0.0, 1.0]], "BodyLeftHandRingTip": [[-0.6971141806708996, -0.3878792246879466, -0.6029772186103034, 0.33540377020835876], [0.4876596530453899, -0.8730310661707033, -0.0021955164529423588, 0.09782197326421738], [-0.5255662488204415, -0.29557818687501713, 0.7977553845286707, 0.32666218280792236], [0.0, 0.0, 0.0, 1.0]], "BodyLeftHandLittleMetacarpal": [[-0.7602514179222724, 0.6062545894073734, -0.23339484649338593, 0.28310948610305786], [0.3096094379532961, 0.022293112742994614, -0.950602447427142, 0.14978034794330597], [-0.5711039988280753, -0.7949581057808801, -0.20465051325578587, 0.41020292043685913], [0.0, 0.0, 0.0, 1.0]], "BodyLeftHandLittleProximal": [[-0.7160005145387798, 0.3898259550962331, -0.5791191482877358, 0.31007957458496094], [0.46088450262242686, -0.35911698880342646, -0.8115543503643105, 0.1507706195116043], [-0.5243364744347669, -0.8479803730547478, 0.07746320733903067, 0.3748409152030945], [0.0, 0.0, 0.0, 1.0]], "BodyLeftHandLittleIntermediate": [[-0.8050931822319143, -0.027916825843663173, -0.5924910284202662, 0.3217492699623108], [0.40588908074339736, -0.7543256188026204, -0.5159911965831627, 0.1400204300880432], [-0.4325263252762426, -0.6559066333350037, 0.6186335476598172, 0.349456250667572], [0.0, 0.0, 0.0, 1.0]], "BodyLeftHandLittleDistal": [[-0.8117637780661204, -0.13847009289156997, -0.567332003322938, 0.32119664549827576], [0.32492613405585363, -0.9143169657703663, -0.24175916427715483, 0.1250905692577362], [-0.4852448619278061, -0.38059232714161606, 0.7872019464493171, 0.33647429943084717], [0.0, 0.0, 0.0, 1.0]], "BodyLeftHandLittleTip": [[-0.8117637780661204, -0.13847009289156997, -0.567332003322938, 0.32092034816741943], [0.32492613405585363, -0.9143169657703663, -0.24175916427715483, 0.1176256313920021], [-0.4852448619278061, -0.38059232714161606, 0.7872019464493171, 0.3299834132194519], [0.0, 0.0, 0.0, 1.0]], "BodyRightHandPalm": [[0.0987602416328548, -0.7204361788575556, 0.6864532954730022, 0.37616005539894104], [0.7318492703756837, -0.4148310891936524, -0.5406586842814864, -0.14796213805675507], [0.6742722448115449, 0.5557759257394412, 0.48628187324356176, 0.43392646312713623], [0.0, 0.0, 0.0, 1.0]], "BodyRightHandWrist": [[0.0987602416328548, -0.7204361788575556, 0.6864532954730022, 0.349915474653244], [0.7318492703756837, -0.4148310891936524, -0.5406586842814864, -0.16445566713809967], [0.6742722448115449, 0.5557759257394412, 0.48628187324356176, 0.45467478036880493], [0.0, 0.0, 0.0, 1.0]], "BodyRightHandThumbMetacarpal": [[-0.9480048413203286, -0.28305508347696046, -0.14548759586669194, 0.3634246289730072], [0.17797061999162705, -0.850477206611661, 0.49498987813269707, -0.12003232538700104], [-0.2638432854044514, 0.44336028323686977, 0.8566319979986201, 0.43958908319473267], [0.0, 0.0, 0.0, 1.0]], "BodyRightHandThumbProximal": [[-0.912362145946396, -0.38102173261032735, 0.1497255954161195, 0.37239232659339905], [0.3573407785459991, -0.5627458081587904, 0.74540239024828, -0.09308747947216034], [-0.19975705902977878, 0.7335799851947531, 0.6495825757280127, 0.4255424737930298], [0.0, 0.0, 0.0, 1.0]], "BodyRightHandThumbDistal": [[-0.9634172251092392, -0.2649988549139966, 0.04003569978261862, 0.3849390745162964], [0.16934296679880612, -0.48613231795186174, 0.8573204354490381, -0.07455645501613617], [-0.20772628615221483, 0.8327370391288119, 0.5132239410865277, 0.4013858437538147], [0.0, 0.0, 0.0, 1.0]], "BodyRightHandThumbTip": [[-0.9634172251092392, -0.2649988549139966, 0.04003569978261862, 0.39121243357658386], [0.16934296679880612, -0.48613231795186174, 0.8573204354490381, -0.06529094278812408], [-0.20772628615221483, 0.8327370391288119, 0.5132239410865277, 0.3893076777458191], [0.0, 0.0, 0.0, 1.0]], "BodyRightHandIndexMetacarpal": [[0.0987602416328548, -0.7204361788575556, 0.6864532954730022, 0.36962294578552246], [0.7318492703756837, -0.4148310891936524, -0.5406586842814864, -0.1303531378507614], [0.6742722448115449, 0.5557759257394412, 0.48628187324356176, 0.43913549184799194], [0.0, 0.0, 0.0, 1.0]], "BodyRightHandIndexProximal": [[0.08899000662633183, -0.23982655084013454, 0.9667285059585081, 0.4146798551082611], [0.7961875562987464, -0.5660481512332729, -0.2137167884851907, -0.10500137507915497], [0.5984698437813519, 0.7887158651868982, 0.14057428671989214, 0.41469240188598633], [0.0, 0.0, 0.0, 1.0]], "BodyRightHandIndexIntermediate": [[0.14089069880153315, 0.43462515388359974, 0.8895227858817745, 0.42354345321655273], [0.7922206884277123, -0.5883420547156262, 0.1619876769390719, -0.08408130705356598], [0.593747582578942, 0.6818757968022129, -0.42721096184088037, 0.38554292917251587], [0.0, 0.0, 0.0, 1.0]], "BodyRightHandIndexDistal": [[0.1425829464329944, 0.6633977212624153, 0.7345567144954299, 0.41325047612190247], [0.8254573622178217, -0.4892101033872076, 0.2815912248353514, -0.0701478123664856], [0.5461595431253414, 0.5661951414200871, -0.6173595510603247, 0.36939430236816406], [0.0, 0.0, 0.0, 1.0]], "BodyRightHandIndexTip": [[0.1425829464329944, 0.6633977212624153, 0.7345567144954299, 0.4081040024757385], [0.8254573622178217, -0.4892101033872076, 0.2815912248353514, -0.0631810873746872], [0.5461595431253414, 0.5661951414200871, -0.6173595510603247, 0.361319899559021], [0.0, 0.0, 0.0, 1.0]], "BodyRightHandMiddleMetacarpal": [[0.0987602416328548, -0.7204361788575556, 0.6864532954730022, 0.38985517621040344], [0.7318492703756837, -0.4148310891936524, -0.5406586842814864, -0.13004471361637115], [0.6742722448115449, 0.5557759257394412, 0.48628187324356176, 0.4166080355644226], [0.0, 0.0, 0.0, 1.0]], "BodyRightHandMiddleProximal": [[0.20335938205282988, -0.16504044825739345, 0.9650940949824995, 0.4155268967151642], [0.7776012204809404, -0.5717416875999066, -0.26162527509199623, -0.1232217401266098], [0.5949632792346458, 0.8036623004094501, 0.012066617709511451, 0.4028039574623108], [0.0, 0.0, 0.0, 1.0]], "BodyRightHandMiddleIntermediate": [[0.22817709669643071, 0.6743271476157655, 0.7022948885842566, 0.4224303960800171], [0.7764829529102495, -0.5612037773158753, 0.2865738023026059, -0.09930585324764252], [0.5873750389512371, 0.47993043070301267, -0.651657383371242, 0.36918675899505615], [0.0, 0.0, 0.0, 1.0]], "BodyRightHandMiddleDistal": [[0.30702673803641467, 0.8721263545742751, 0.38095958287947596, 0.4043276906013489], [0.8099115521782431, -0.44964829634493286, 0.37664265191601437, -0.08423994481563568], [0.499777810410734, 0.19290420226393384, -0.84439925921922, 0.35630279779434204], [0.0, 0.0, 0.0, 1.0]], "BodyRightHandMiddleTip": [[0.30702673803641467, 0.8721263545742751, 0.38095958287947596, 0.39527636766433716], [0.8099115521782431, -0.44964829634493286, 0.37664265191601437, -0.07670699059963226], [0.499777810410734, 0.19290420226393384, -0.84439925921922, 0.3498607873916626], [0.0, 0.0, 0.0, 1.0]], "BodyRightHandRingMetacarpal": [[0.0987602416328548, -0.7204361788575556, 0.6864532954730022, 0.36886197328567505], [0.7318492703756837, -0.4148310891936524, -0.5406586842814864, -0.157920703291893], [0.6742722448115449, 0.5557759257394412, 0.48628187324356176, 0.4231399893760681], [0.0, 0.0, 0.0, 1.0]], "BodyRightHandRingProximal": [[0.30910983464679453, -0.13720923007386238, 0.9410763716655355, 0.4061325192451477], [0.7498907860658417, -0.5734264819892005, -0.32991798788038706, -0.1376183182001114], [0.5849059061919151, 0.8076853947769682, -0.07435982763419724, 0.39207106828689575], [0.0, 0.0, 0.0, 1.0]], "BodyRightHandRingIntermediate": [[0.38907052328837055, 0.6206472485525356, 0.6807504100419483, 0.4113464653491974], [0.7274903623051172, -0.6603508068128079, 0.18626482409419992, -0.11582835018634796], [0.5651388330855375, 0.4227692098602273, -0.708437925673715, 0.3613794445991516], [0.0, 0.0, 0.0, 1.0]], "BodyRightHandRingDistal": [[0.4492493357518088, 0.8346553562759129, 0.31863061774802426, 0.39527520537376404], [0.7008174972056493, -0.5504287616819852, 0.4537433348531371, -0.09872899949550629], [0.5541027611706769, 0.019458020278677907, -0.8322208333788974, 0.35043197870254517], [0.0, 0.0, 0.0, 1.0]], "BodyRightHandRingTip": [[0.4492493357518088, 0.8346553562759129, 0.31863061774802426, 0.38723957538604736], [0.7008174972056493, -0.5504287616819852, 0.4537433348531371, -0.09017930924892426], [0.5541027611706769, 0.019458020278677907, -0.8322208333788974, 0.34495824575424194], [0.0, 0.0, 0.0, 1.0]], "BodyRightHandLittleMetacarpal": [[0.5592486070404233, -0.6012597165539524, 0.5707256335340187, 0.36532166600227356], [0.542203383742905, -0.2554927878592792, -0.8004616955292975, -0.1621207445859909], [0.6271016553806013, 0.7571064579049332, 0.18312106710467657, 0.41664671897888184], [0.0, 0.0, 0.0, 1.0]], "BodyRightHandLittleProximal": [[0.4599157765545201, -0.162199544785774, 0.8730227867286972, 0.3920687735080719], [0.6616379117512036, -0.5931125958705041, -0.4587512641434992, -0.15075348317623138], [0.592210057504733, 0.7886119174163169, -0.16546447201499492, 0.3829686641693115], [0.0, 0.0, 0.0, 1.0]], "BodyRightHandLittleIntermediate": [[0.5630605779732544, 0.43093338735475273, 0.7051660805763301, 0.3969242572784424], [0.6625571245824524, -0.7453943417775111, -0.07352096239239383, -0.1329983025789261], [0.4939441691096852, 0.5086095662775425, -0.7052201549115802, 0.35936129093170166], [0.0, 0.0, 0.0, 1.0]], "BodyRightHandLittleDistal": [[0.6130370111049895, 0.6226711421346383, 0.4862779778770638, 0.38839516043663025], [0.5879056001672758, -0.7707063118800952, 0.24572095173211708, -0.11824522912502289], [0.5277808525395897, 0.13524950861621396, -0.8385433453982312, 0.3492947220802307], [0.0, 0.0, 0.0, 1.0]], "BodyRightHandLittleTip": [[0.6130370111049895, 0.6226711421346383, 0.4862779778770638, 0.384130597114563], [0.5879056001672758, -0.7707063118800952, 0.24572095173211708, -0.11086864769458771], [0.5277808525395897, 0.13524950861621396, -0.8385433453982312, 0.34426140785217285], [0.0, 0.0, 0.0, 1.0]], "BodyLeftUpperLeg": [[-0.3523705652652416, 0.38005560181421294, -0.8552150163931235, 0.1578424721956253], [0.9357865129522298, 0.13159221784497244, -0.32708881114973576, 0.02082817256450653], [-0.011772294226712776, -0.9155551472916733, -0.4020201305362232, 0.5401294231414795], [0.0, 0.0, 0.0, 1.0]], "BodyLeftLowerLeg": [[-0.35107214524236774, -0.2776039218819641, -0.8942507542019043, 0.2520754039287567], [0.9362166664176759, -0.1200897927547182, -0.33026776288021686, 0.053527191281318665], [-0.01570676149612621, -0.9531602720591545, 0.30205759949291544, 0.31879371404647827], [0.0, 0.0, 0.0, 1.0]], "BodyLeftFootAnkleTwist": [[-0.27283471680204974, -0.25105491271815583, -0.9287263580342836, 0.1666586548089981], [0.951901641296512, -0.21036615800317682, -0.22277644593625417, 0.016576528549194336], [-0.1394434745857679, -0.9448372930653517, 0.2963747746154972, 0.025513172149658203], [0.0, 0.0, 0.0, 1.0]], "BodyLeftFootAnkle": [[-0.39970981863883104, -0.9146433373106714, -0.06049484603592323, 0.16665855050086975], [0.8596879520047488, -0.39695769494485766, 0.3214983881793905, 0.016576483845710754], [-0.31807025334286365, 0.07649937213639524, 0.9449757457210972, 0.0255126953125], [0.0, 0.0, 0.0, 1.0]], "BodyLeftFootSubtalar": [[-0.49737381048377705, -0.601870780760824, -0.6247966516485218, 0.16805855929851532], [0.809435815610606, -0.5810827242080976, -0.08459626489206992, 0.02006852626800537], [-0.3121425204159811, -0.5478087539399606, 0.7761910950630048, -0.00014352798461914062], [0.0, 0.0, 0.0, 1.0]], "BodyLeftFootTransverse": [[-0.4547676344758993, -0.8611178405484186, -0.2272937819704324, 0.2098819613456726], [0.8746512566599178, -0.47992598540165865, 0.06823655735361152, 0.035114169120788574], [-0.1678439092026299, -0.16777101425894314, 0.9714326064725771, 0.0045740604400634766], [