{"git_commit": "83a87fa49571df5dbfcab83167c64e6b17c190e5", "in": {"param": {"q0": [[0.0, 0.0, 0.0, 0.0, 0.0, 0.0, 0.0, 0.0, 0.0, 0.0, 0.0, 0.0, 0.0, 0.0, 0.0, 0.0, 0.0, 0.0, 0.0, 0.0, 0.0, 0.0, 0.0, 0.0, 0.0, 0.0, 0.0, 0.0, 0.0, 0.0, 0.0, 0.0, 0.0, 0.0, 0.0]], "dq_vel_limit_factor": [100], "dt": [100], "root_dir_z": [0.04994343415330031, 0.02285203250821658, 0.9984905798229747], "root_dir_y": [-0.9446769646800925, 0.3256178392378717, 0.0394772741316656], "root_pos": [0.005459930896759033, 0.006045368821453348, 1.051990356709566], "torso_dir": [0.02101371833483576, -0.06476786784668775, 0.9976790801336571], "shoulder_dir": [-0.9501371130494246, 0.31162179376068433, 0.011459671002185784], "L_arm_dir": [0.06273028225072627, -0.14779807691478936, -0.9870261598098776], "L_upper_arm_dir": [0.087746396067381, -0.12670657734693655, -0.9880516247819308], "L_lower_arm_dir": [0.03571414238017978, -0.1703347667972926, -0.9847388320027611], "L_upper_leg_dir": [-0.06724046566750541, -0.07445098553171539, -0.9949551600600779], "L_lower_leg_dir": [-0.06724041255268254, -0.07445109529970631, -0.9949551554358724], "L_foot_dir_front": [-0.3210357092543801, -0.9425657835964444, 0.09222698616326842], "L_foot_pos": [0.04533458709716797, -0.10067976435268464, 0.10005256212746823], "R_arm_dir": [-0.16660853045706678, -0.1366492924145217, -0.9765083555513221], "R_upper_arm_dir": [-0.18742741167230415, -0.09719260772599782, -0.9774582151464292], "R_lower_arm_dir": [-0.14381707286606804, -0.1788368419663227, -0.9733108617023395], "R_upper_leg_dir": [-0.06724046566750541, -0.07445098553171539, -0.9949551600600779], "R_lower_leg_dir": [-0.06724041255268254, -0.07445109529970631, -0.9949551554358724], "R_foot_dir_front": [-0.3210357092543801, -0.9425657835964444, 0.09222698616326842], "R_foot_pos": [-0.16249437332153321, -0.02904383419414044, 0.10873756281736796], "L_hand_dir_front": [0.01717855277846634, -0.285673523409947, -0.9263859833653838], "L_hand_dir_outside": [0.24109598369642934, 0.9592005161580139, -0.1476722602510401], "L_hand_joint_1_pos_in_hand": [0.01936842128165735, -0.004842122734049026, 0.02517894617850324], "L_hand_joint_2_pos_in_hand": [0.05083792389303909, -0.009092222007029277, 0.047329581453941685], "L_hand_joint_3_pos_in_hand": [0.07400179372114206, -0.016033622687480275, 0.05911980541311544], "R_hand_joint_1_pos_in_hand": [-0.01936842617014953, -0.00484209803277411, 0.025178943631641908], "R_hand_joint_2_pos_in_hand": [-0.05161902849524564, -0.01764717147478454, 0.04235367470125087], "R_hand_joint_3_pos_in_hand": [-0.07545986033168278, -0.027771231646664854, 0.04962509547810555], "R_hand_dir_front": [0.02120667801941032, -0.24996005546996014, -0.9400114774551174], "R_hand_dir_outside": [-0.3520755823817473, 0.9254006056984068, -0.14027295984463892], "L_finger_thumb_palm_dir": [-0.19440152723458337, -0.6726327737835586, -0.7139840319230534], "L_finger_thumb_middle_dir": [-0.2999827523464522, -0.5189983362413109, -0.8004068186075127], "L_finger_thumb_lower_dir": [-0.3635288095884994, -0.40407926438995917, -0.8393847465192827], "L_finger_index_palm_dir": [0.07007357278172877, -0.1889337108165441, -0.9794864712259665], "L_finger_index_upper_dir": [-0.4965084546741503, -0.24484774095731146, -0.8327838484175771], "L_finger_index_middle_dir": [-0.8035952081625248, -0.038584661851246795, -0.5939242083701031], "L_finger_index_lower_dir": [-0.9282601977409728, 0.11277518922359724, -0.354421728997352], "L_finger_middle_palm_dir": [0.07007357278172877, -0.1889337108165441, -0.9794864712259665], "L_finger_middle_upper_dir": [-0.46081803000197863, -0.03117873126561561, -0.8869468022050494], "L_finger_middle_middle_dir": [-0.8464154882091499, 0.13640678142465304, -0.5147562639745477], "L_finger_middle_lower_dir": [-0.959474613628946, 0.22702901977467752, -0.16693199208580095], "L_finger_ring_palm_dir": [0.07007357278172877, -0.1889337108165441, -0.9794864712259665], "L_finger_ring_upper_dir": [-0.39170711007873216, 0.1026783833572487, -0.9143427636859779], "L_finger_ring_middle_dir": [-0.7883343691639708, 0.19758597926576665, -0.5826565911344634], "L_finger_ring_lower_dir": [-0.9361583181250213, 0.23155698758813525, -0.2645542759141113], "L_finger_pinky_palm_dir": [0.07007357278172877, -0.1889337108165441, -0.9794864712259665], "L_finger_pinky_upper_dir": [-0.369383385703582, 0.24996082233873637, -0.8950282127742692], "L_finger_pinky_middle_dir": [-0.9121373616254214, 0.2629993824360094, -0.3143831394418174], "L_finger_pinky_lower_dir": [-0.9610103948602711, 0.17522779676459113, 0.21390240814804481], "R_finger_thumb_palm_dir": [0.40627747661571467, -0.457888951326138, -0.7907441560000419], "R_finger_thumb_middle_dir": [0.38134534389800656, -0.293686425767062, -0.8765409357283211], "R_finger_thumb_lower_dir": [0.3572740427707186, -0.17826210027326547, -0.9168303452484721], "R_finger_index_palm_dir": [-0.07506102162966577, -0.19797783150591566, -0.9773283078188864], "R_finger_index_upper_dir": [0.44123906133265933, -0.2252108854418937, -0.8686703332293295], "R_finger_index_middle_dir": [0.7162081507853291, -0.019690829674766066, -0.697608884673482], "R_finger_index_lower_dir": [0.8478303985438513, 0.12776103670482988, -0.51464622101506], "R_finger_middle_palm_dir": [-0.07506102162966577, -0.19797783150591566, -0.9773283078188864], "R_finger_middle_upper_dir": [0.5110019172797464, 0.05568092053308167, -0.8577742567977972], "R_finger_middle_middle_dir": [0.881368192347074, 0.2858366024861787, -0.3761483034628905], "R_finger_middle_lower_dir": [0.9251373160980352, 0.3764240478787966, 0.049253249044766904], "R_finger_ring_palm_dir": [-0.07506102162966577, -0.19797783150591566, -0.9773283078188864], "R_finger_ring_upper_dir": [0.45283960930231704, 0.18049360095618633, -0.8731313465113916], "R_finger_ring_middle_dir": [0.857940232820305, 0.3228757564031121, -0.3996120654276583], "R_finger_ring_lower_dir": [0.9379683767201494, 0.3460106364359564, 0.02218025577293998], "R_finger_pinky_palm_dir": [-0.07506102162966577, -0.19797783150591566, -0.9773283078188864], "R_finger_pinky_upper_dir": [0.2879294422069931, 0.28126998661084823, -0.9154145678010074], "R_finger_pinky_middle_dir": [0.837476842555853, 0.36672391322534365, -0.4051494904987178], "R_finger_pinky_lower_dir": [0.9479928121125019, 0.30567566562877524, 0.08872438010736143], "L_finger_thumb_palm_middle_rel_rot": [0.2058378447375564], "L_finger_thumb_middle_lower_rel_rot": [0.13708824489628643], "L_finger_index_palm_upper_rel_rot": [0.5395078049240281], "L_finger_index_upper_middle_rel_rot": [0.4439790515984466], "L_finger_index_middle_lower_rel_rot": [0.31078534773543043], "L_finger_middle_palm_upper_rel_rot": [0.5691637628862911], "L_finger_middle_upper_middle_rel_rot": [0.5691637468970702], "L_finger_middle_middle_lower_rel_rot": [0.37906305500803705], "L_finger_ring_palm_upper_rel_rot": [0.5305621990059939], "L_finger_ring_upper_middle_rel_rot": [0.5319259790163833], "L_finger_ring_middle_lower_rel_rot": [0.35426278197064714], "L_finger_pinky_palm_upper_rel_rot": [0.5393974492722222], "L_finger_pinky_upper_middle_rel_rot": [0.8174962023086237], "L_finger_pinky_middle_lower_rel_rot": [0.5444525361359605], "R_finger_thumb_palm_middle_rel_rot": [0.18720953132101847], "R_finger_thumb_middle_lower_rel_rot": [0.1246818642073458], "R_finger_index_palm_upper_rel_rot": [0.4689847601998497], "R_finger_index_upper_middle_rel_rot": [0.38593801823739615], "R_finger_index_middle_lower_rel_rot": [0.2701566639005694], "R_finger_middle_palm_upper_rel_rot": [0.6617026735586834], "R_finger_middle_upper_middle_rel_rot": [0.6617032208703285], "R_finger_middle_middle_lower_rel_rot": [0.44069398720192754], "R_finger_ring_palm_upper_rel_rot": [0.648957598836957], "R_finger_ring_upper_middle_rel_rot": [0.6506336728684623], "R_finger_ring_middle_lower_rel_rot": [0.4333223244876414], "R_finger_pinky_palm_upper_rel_rot": [0.5106635335948384], "R_finger_pinky_upper_middle_rel_rot": [0.7739398791836058], "R_finger_pinky_middle_lower_rel_rot": [0.5154439698000565], "L_finger_index_joint_angle": [0.43142406808596834], "L_finger_middle_joint_angle": [0.5057968549304661], "L_finger_ring_joint_angle": [0.47225031999767475], "L_finger_pinky_joint_angle": [0.6337820625722688], "R_finger_index_joint_angle": [0.37502648077927175], "R_finger_middle_joint_angle": [0.5880332938769799], "R_finger_ring_joint_angle": [0.5776378653976869], "R_finger_pinky_joint_angle": [0.6000157941928336], "L_hand_ee_pos": [0.23602293014526368, -0.16512344473033091, 0.8984795307460939], "R_hand_ee_pos": [-0.25467374801635745, -0.042792240770328636, 0.9088742046724623], "foot_axis": [1.0, 0.0, 0.0], "head_axis": [0.0, 0.0, 1.0], "head_up_dir_rel_torso": [-0.0028878017579294785, 0.9979526466795996, -0.0638919054825332], "head_front_dir_rel_torso": [0.9960533234844691, 0.008538428039312228, 0.08834518675152198], "head_up_dir": [0.03622124109649878, -0.002633512165955428, 0.9993403255683736], "head_front_dir": [-0.3641203429490867, -0.9312899413692939, 0.010743414495321688], "left_shoulder_pos": [0.1964505958557129, -0.06976254187058675, 1.4640539520287104], "right_shoulder_pos": [-0.15998677253723145, 0.047140219400848074, 1.468352968369161]}, "weight": {"head_dir_weight": 5.0, "root_pos_weight": 100.0, "root_dir_weight": 100.0, "torso_dir_weight": 100.0, "shoulder_dir_weight": 30.0, "upper_arm_weight": 30.0, "L_upper_arm_weight": 20.0, "R_upper_arm_weight": 20.0, "lower_arm_weight": 20.0, "L_lower_arm_weight": 10.0, "R_lower_arm_weight": 10.0, "hand_dir_front_weight": 5.0, "hand_dir_outside_weight": 3.0, "finger_weight": 1.0, "upper_leg_weight": 50.0, "lower_leg_weight": 30.0, "foot_pos_weight": 10.0, "hand_pos_weight": 10.0, "L_hand_pos_weight": 10.0, "R_hand_pos_weight": 10.0, "foot_dir_x_weight": 20.0, "foot_dir_y_weight": 0.0, "joint_vel_cost_weight": 0.0010000000474974513, "hand_joint_vel_cost_weight": 0.0, "leg_joint_vel_cost_weight": 0.0010000000474974513, "arm_joint_vel_cost_weight": 0.0010000000474974513, "waist_joint_vel_cost_weight": 0.0010000000474974513, "default_config_cost_weight": 0.0010000000474974513, "shoulder_roll_default_cost_weight": 2.0, "finger_turbo_factor": 1.0, "thumb_pos_weight": 10.0}}, "out": {"q": [[0.00545992816679482, 0.006045365798770305, 1.0519898307146258, -1.9027108984092902, -0.03354207659750462, 0.04789380571866298, 0.017195757585309474, -0.058337884871541575, -0.05721728054896958, -0.13463335410269153, 0.14034716789276996, -0.009542696929094815, -0.06851238838867427, 0.12710603025427283, -0.0735595404513908, -0.00017973055628117245, 0.43100114502136494, 0.5052975783951597, 0.6331522954154511, 0.47178541720670253, 0.014125143224751264, 0.3227361610369648, -0.19079290316013509, -0.09554324966716073, 0.026938035260767625, -0.08288343920723493, 0.5533334272044692, -0.1059262045167653, 0.15588188363461133, 0.3746619130617281, 0.5874500797845098, 0.599420379028356, 0.5770652414839237, 0.32658892576248033, 0.30283149139356574]], "v": [[5.4599281667948206e-05, 6.0453657987703045e-05, 0.010519898307146258, -0.019027108984092902, -0.0003354207659750462, 0.0004789380571866298, 0.00017195757585309474, -0.0005833788487154157, -0.0005721728054896958, -0.0013463335410269154, 0.0014034716789276995, -9.542696929094815e-05, -0.0006851238838867427, 0.0012710603025427284, -0.0007355954045139081, -1.7973055628117246e-06, 0.004310011450213649, 0.005052975783951597, 0.0063315229541545115, 0.004717854172067025, 0.00014125143224751264, 0.003227361610369648, -0.001907929031601351, -0.0009554324966716073, 0.00026938035260767624, -0.0008288343920723493, 0.005533334272044692, -0.0010592620451676529, 0.0015588188363461135, 0.003746619130617281, 0.005874500797845098, 0.00599420379028356, 0.005770652414839237, 0.0032658892576248036, 0.0030283149139356575]]}, "extended": {"labels": ["root_pos/x", "root_pos/y", "root_pos/z", "dof_pos/virtual_yaw_joint", "dof_pos/waistRoll", "dof_pos/waistPitch", "dof_pos/waistYaw", "dof_pos/neckYaw", "dof_pos/neckPitch", "dof_pos/shoulderPitch_Left", "dof_pos/shoulderRoll_Left", "dof_pos/shoulderYaw_Left", "dof_pos/elbow_Left", "dof_pos/wristYaw_Left", "dof_pos/wristPitch_Left", "dof_pos/wristRoll_Left", "dof_pos/L_index_MCP_joint", "dof_pos/L_index_DIP_joint", "dof_pos/L_middle_MCP_joint", "dof_pos/L_middle_DIP_joint", "dof_pos/L_pinky_MCP_joint", "dof_pos/L_pinky_DIP_joint", "dof_pos/L_ring_MCP_joint", "dof_pos/L_ring_DIP_joint", "dof_pos/L_thumb_MCP_joint1", "dof_pos/L_thumb_MCP_joint2", "dof_pos/L_thumb_PIP_joint", "dof_pos/L_thumb_DIP_joint", "dof_pos/shoulderPitch_Right", "dof_pos/shoulderRoll_Right", "dof_pos/shoulderYaw_Right", "dof_pos/elbow_Right", "dof_pos/wristYaw_Right", "dof_pos/wristPitch_Right", "dof_pos/wristRoll_Right", "dof_pos/R_index_MCP_joint", "dof_pos/R_index_DIP_joint", "dof_pos/R_middle_MCP_joint", "dof_pos/R_middle_DIP_joint", "dof_pos/R_pinky_MCP_joint", "dof_pos/R_pinky_DIP_joint", "dof_pos/R_ring_MCP_joint", "dof_pos/R_ring_DIP_joint", "dof_pos/R_thumb_MCP_joint1", "dof_pos/R_thumb_MCP_joint2", "dof_pos/R_thumb_PIP_joint", "dof_pos/R_thumb_DIP_joint", "root_vel_body/x", "root_vel_body/y", "root_vel_body/z", "dof_vel/virtual_yaw_joint", "dof_vel/waistRoll", "dof_vel/waistPitch", "dof_vel/waistYaw", "dof_vel/neckYaw", "dof_vel/neckPitch", "dof_vel/shoulderPitch_Left", "dof_vel/shoulderRoll_Left", "dof_vel/shoulderYaw_Left", "dof_vel/elbow_Left", "dof_vel/wristYaw_Left", "dof_vel/wristPitch_Left", "dof_vel/wristRoll_Left", "dof_vel/L_index_MCP_joint", "dof_vel/L_index_DIP_joint", "dof_vel/L_middle_MCP_joint", "dof_vel/L_middle_DIP_joint", "dof_vel/L_pinky_MCP_joint", "dof_vel/L_pinky_DIP_joint", "dof_vel/L_ring_MCP_joint", "dof_vel/L_ring_DIP_joint", "dof_vel/L_thumb_MCP_joint1", "dof_vel/L_thumb_MCP_joint2", "dof_vel/L_thumb_PIP_joint", "dof_vel/L_thumb_DIP_joint", "dof_vel/shoulderPitch_Right", "dof_vel/shoulderRoll_Right", "dof_vel/shoulderYaw_Right", "dof_vel/elbow_Right", "dof_vel/wristYaw_Right", "dof_vel/wristPitch_Right", "dof_vel/wristRoll_Right", "dof_vel/R_index_MCP_joint", "dof_vel/R_index_DIP_joint", "dof_vel/R_middle_MCP_joint", "dof_vel/R_middle_DIP_joint", "dof_vel/R_pinky_MCP_joint", "dof_vel/R_pinky_DIP_joint", "dof_vel/R_ring_MCP_joint", "dof_vel/R_ring_DIP_joint", "dof_vel/R_thumb_MCP_joint1", "dof_vel/R_thumb_MCP_joint2", "dof_vel/R_thumb_PIP_joint", "dof_vel/R_thumb_DIP_joint", "torso/pos_x", "torso/pos_y", "torso/pos_z", "torso_quat/x", "torso_quat/y", "torso_quat/z", "torso_quat/w", "torso/vel_local_x", "torso/vel_local_y", "torso/vel_local_z", "torso/vel_local_norm", "torso/ang_vel_local_x", "torso/ang_vel_local_y", "torso/ang_vel_local_z", "torso/ang_vel_local_norm", "torso/pos_x_body", "torso/pos_y_body", "torso/pos_z_body", "torso_quat_body/x", "torso_quat_body/y", "torso_quat_body/z", "torso_quat_body/w", "shoulderRollLeft/pos_x", "shoulderRollLeft/pos_y", "shoulderRollLeft/pos_z", "shoulderRollLeft_quat/x", "shoulderRollLeft_quat/y", "shoulderRollLeft_quat/z", "shoulderRollLeft_quat/w", "shoulderRollLeft/vel_local_x", "shoulderRollLeft/vel_local_y", "shoulderRollLeft/vel_local_z", "shoulderRollLeft/vel_local_norm", "shoulderRollLeft/ang_vel_local_x", "shoulderRollLeft/ang_vel_local_y", "shoulderRollLeft/ang_vel_local_z", "shoulderRollLeft/ang_vel_local_norm", "shoulderRollLeft/pos_x_body", "shoulderRollLeft/pos_y_body", "shoulderRollLeft/pos_z_body", "shoulderRollLeft_quat_body/x", "shoulderRollLeft_quat_body/y", "shoulderRollLeft_quat_body/z", "shoulderRollLeft_quat_body/w", "elbowLeft/pos_x", "elbowLeft/pos_y", "elbowLeft/pos_z", "elbowLeft_quat/x", "elbowLeft_quat/y", "elbowLeft_quat/z", "elbowLeft_quat/w", "elbowLeft/vel_local_x", "elbowLeft/vel_local_y", "elbowLeft/vel_local_z", "elbowLeft/vel_local_norm", "elbowLeft/ang_vel_local_x", "elbowLeft/ang_vel_local_y", "elbowLeft/ang_vel_local_z", "elbowLeft/ang_vel_local_norm", "elbowLeft/pos_x_body", "elbowLeft/pos_y_body", "elbowLeft/pos_z_body", "elbowLeft_quat_body/x", "elbowLeft_quat_body/y", "elbowLeft_quat_body/z", "elbowLeft_quat_body/w", "shoulderRollRight/pos_x", "shoulderRollRight/pos_y", "shoulderRollRight/pos_z", "shoulderRollRight_quat/x", "shoulderRollRight_quat/y", "shoulderRollRight_quat/z", "shoulderRollRight_quat/w", "shoulderRollRight/vel_local_x", "shoulderRollRight/vel_local_y", "shoulderRollRight/vel_local_z", "shoulderRollRight/vel_local_norm", "shoulderRollRight/ang_vel_local_x", "shoulderRollRight/ang_vel_local_y", "shoulderRollRight/ang_vel_local_z", "shoulderRollRight/ang_vel_local_norm", "shoulderRollRight/pos_x_body", "shoulderRollRight/pos_y_body", "shoulderRollRight/pos_z_body", "shoulderRollRight_quat_body/x", "shoulderRollRight_quat_body/y", "shoulderRollRight_quat_body/z", "shoulderRollRight_quat_body/w", "elbowRight/pos_x", "elbowRight/pos_y", "elbowRight/pos_z", "elbowRight_quat/x", "elbowRight_quat/y", "elbowRight_quat/z", "elbowRight_quat/w", "elbowRight/vel_local_x", "elbowRight/vel_local_y", "elbowRight/vel_local_z", "elbowRight/vel_local_norm", "elbowRight/ang_vel_local_x", "elbowRight/ang_vel_local_y", "elbowRight/ang_vel_local_z", "elbowRight/ang_vel_local_norm", "elbowRight/pos_x_body", "elbowRight/pos_y_body", "elbowRight/pos_z_body", "elbowRight_quat_body/x", "elbowRight_quat_body/y", "elbowRight_quat_body/z", "elbowRight_quat_body/w"], "result": [[0.00545992816679482], [0.006045365798770305], [1.0519898307146258], [-1.9027108984092902], [-0.03354207659750462], [0.04789380571866298], [0.017195757585309474], [-0.058337884871541575], [-0.05721728054896958], [-0.13463335410269153], [0.14034716789276996], [-0.009542696929094815], [-0.06851238838867427], [0.12710603025427283], [-0.0735595404513908], [-0.00017973055628117245], [0.43100114502136494], [0.45858090829128206], [0.5052975783951597], [0.5376315704366659], [0.6331522954154511], [0.6282177107990858], [0.47178541720670253], [0.4565249660537595], [0.014125143224751264], [0.3227361610369648], [0.43053003882331103], [0.21526501941165552], [-0.19079290316013509], [-0.09554324966716073], [0.026938035260767625], [-0.08288343920723493], [0.5533334272044692], [-0.1059262045167653], [0.15588188363461133], [0.3746619130617281], [0.39863652887854806], [0.5874500797845098], [0.6250410103899205], [0.599420379028356], [0.6377772890823805], [0.5770652414839237], [0.56854164628648], [0.32658892576248033], [0.30283149139356574], [0.4039772095190167], [0.20198860475950836], [5.4599281667948206e-05], [6.0453657987703045e-05], [0.010519898307146258], [-0.019027108984092902], [-0.0003354207659750462], [0.0004789380571866298], [0.00017195757585309474], [-0.0005833788487154157], [-0.0005721728054896958], [-0.0013463335410269154], [0.0014034716789276995], [-9.542696929094815e-05], [-0.0006851238838867427], [0.0012710603025427284], [-0.0007355954045139081], [-1.7973055628117246e-06], [0.004310011450213649], [0.00458580908291282], [0.005052975783951597], [0.005376315704366659], [0.0063315229541545115], [0.006736677107990858], [0.004717854172067025], [0.005019749660537594], [0.00014125143224751264], [0.003227361610369648], [0.00430530038823311], [0.002152650194116555], [-0.001907929031601351], [-0.0009554324966716073], [0.00026938035260767624], [-0.0008288343920723493], [0.005533334272044692], [-0.0010592620451676529], [0.0015588188363461135], [0.003746619130617281], [0.003986365288785481], [0.005874500797845098], [0.006250410103899206], [0.00599420379028356], [0.006377772890823805], [0.005770652414839237], [0.0061399164628648], [0.0032658892576248036], [0.0030283149139356575], [0.004039772095190167], [0.0020198860475950835], [0.009320443540070385], [0.0020308920470341364], [1.2615375122826864], [0.009995868561832844], [0.027465360361238044], [-0.8090715823023186], [0.5869828884241385], [-0.00046408936925335136], [-0.0003166193264124495], [0.01050213756682528], [0.010517153617449669], [0.0005945059041856765], [0.0011069683215599924], [-0.018838701518478208], [0.01888055854675285], [0.0025374013878460746], [0.0049579403634606636], [0.20954768156806058], [-0.016558982783387223], [0.024084507411562105], [0.008192556628102386], [0.9995392031370341], [0.19336296428748462], [-0.10684941270883508], [1.5295749682019943], [-0.0018162165658870365], [-0.06703780492412946], [-0.8186898802221325], [0.5703065088969356], [0.004959832050053205], [0.0004953186708633946], [0.01011401848545707], [0.011275577345511323], [-0.00043438364151055474], [-0.0028736856705405657], [-0.019005289274967457], [0.019226226330361224], [0.04550410538975941], [0.21443450839436312], [0.4775851374873685], [0.053527936201405224], [-0.04039957892946575], [-0.010969596456401802], [0.9976884794473292], [0.22960681468766458], [-0.10656859502380156], [1.2671971172079186], [-0.029628051069029694], [-0.08640507351632637], [-0.820868528280702], [0.5637652003616077], [0.006478375889878079], [0.001078556778032065], [0.00959358403703169], [0.011626241592603424], [-0.0017135990129032606], [-0.0035628238406380497], [-0.019028046166294887], [0.01943441988336908], [0.03342842194978908], [0.24860867143986404], [0.2152072864932928], [0.05314983303796051], [-0.07428831259052611], [-0.01756043030898411], [0.9956645886782619], [-0.18573330447832234], [0.01679645533340591], [1.5443857804962036], [-0.0907815839446192], [0.012094463565040826], [-0.7874857014989914], [0.6094905232259329], [-0.002065090578652761], [-0.0019244674993995165], [0.010810197785722536], [0.011172669798249917], [-0.0036569907567360165], [0.0011027201131765182], [-0.017973468962862373], [0.01837485128108072], [0.052136724832649604], [-0.1842612277696972], [0.49239594978157775], [-0.06255332402840255], [-0.06689285227449732], [0.03905067582737133], [0.9950313928138175], [-0.22419282639241409], [0.02711897744294491], [1.2824621880324103], [-0.12281502167864758], [-0.012383599471547768], [-0.7747822891632343], [0.6200609012937196], [-0.0016132497933318865], [-0.0022021530255318614], [0.01103959276317485], [0.0113721001235606], [-0.005079211275681887], [0.00037198587863878307], [-0.01734312457595349], [0.01807541785779689], [0.05490978133426649], [-0.2239852689312062], [0.23047235731778448], [-0.06122118045941155], [-0.10718605389207388], [0.055032458754051335], [0.9908251840752158]]}, "BoneMaps": {"Hips": [[0.9446769947596662, 0.06724051878231767, -0.32103596092296355, 0.0], [-0.32561776099419426, 0.07445087576372042, -0.9425657222831438, -4.2452498169734744e-08], [-0.03947719971038641, 0.9949551646842695, 0.092226736747683, 0.971199951171875], [0.0, 0.0, 0.0, 1.0]], "RightUpLeg": [[0.9446770270490282, 0.06724046566750541, -0.32103587703343484, -0.10391447067260742], [-0.32561767673501024, 0.07445098553171539, -0.942565742720927, 0.03581792143468103], [-0.03947712202661542, 0.9949551600600779, 0.09222681988620444, 0.9755424515168248], [0.0, 0.0, 0.0, 1.0]], "RightLeg": [[0.9446770593383792, 0.06724041255268254, -0.321035793143907, -0.13421438217163087], [-0.32561759247581384, 0.07445109529970631, -0.9425657631586938, 0.0022688134538011474], [-0.0394770443428508, 0.9949551554358724, 0.09222690302473298, 0.5271957779922404], [0.0, 0.0, 0.0, 1.0]], "RightFoot": [[0.9446770916277192, 0.06724035943784884, -0.3210357092543801, -0.16249437332153321], [-0.32561750821660534, 0.07445120506769307, -0.9425657835964444, -0.02904383419414044], [-0.039476966659092436, 0.994955150811653, 0.09222698616326842, 0.10873756281736796], [0.0, 0.0, 0.0, 1.0]], "LeftUpLeg": [[0.9446770270490282, 0.06724046566750541, -0.32103587703343484, 0.10391447067260742], [-0.32561767673501024, 0.07445098553171539, -0.942565742720927, -0.03581800633967737], [-0.03947712202661542, 0.9949551600600779, 0.09222681988620444, 0.9668574508269252], [0.0, 0.0, 0.0, 1.0]], "LeftLeg": [[0.9446770593383792, 0.06724041255268254, -0.321035793143907, 0.07361456394195556], [-0.32561759247581384, 0.07445109529970631, -0.9425657631586938, -0.06936711670474303], [-0.0394770443428508, 0.9949551554358724, 0.09222690302473298, 0.5185107773023406], [0.0, 0.0, 0.0, 1.0]], "LeftFoot": [[0.9446770916277192, 0.06724035943784884, -0.3210357092543801, 0.04533458709716797], [-0.32561750821660534, 0.07445120506769307, -0.9425657835964444, -0.10067976435268464], [-0.039476966659092436, 0.994955150811653, 0.09222698616326842, 0.10005256212746823], [0.0, 0.0, 0.0, 1.0]], "Spine": [[0.9469545278842632, 0.04994343415330031, -0.31746303013810484, 0.005459930896759033], [-0.31885996000398215, 0.02285203250821658, -0.9475263112528877, 0.006045368821453348], [-0.04006804244970523, 0.9984905798229747, 0.03756479707159692, 1.051990356709566], [0.0, 0.0, 0.0, 1.0]], "Spine1": [[0.9491977702567885, 0.033406039217080866, -0.31290194867301124, 0.014439762830734252], [-0.3120644314226538, -0.028013019327004274, -0.9496478617830099, 0.010154164842303652], [-0.040489302048774586, 0.9990492016372435, -0.016165058848991557, 1.2315189366010815], [0.0, 0.0, 0.0, 1.0]], "Spine2": [[0.9591707974639776, 0.02101371833483576, -0.28204574971812885, 0.018702372312545776], [-0.2802094333687696, -0.06476786784668775, -0.9577514274308073, 0.006579704485638778], [-0.03839342057528162, 0.9976790801336571, -0.05623520534497375, 1.358997650434095], [0.0, 0.0, 0.0, 1.0]], "Neck": [[0.9591996976689694, 0.02591620996983741, -0.28153914479616676, 0.0227243971824646], [-0.2802578978000684, -0.04422460985180212, -0.9589054669800064, -0.005816868344947381], [-0.03730215426009934, 0.9986854028893468, -0.03515700987428492, 1.549953460439099], [0.0, 0.0, 0.0, 1.0]], "Neck1": [[0.959236244519782, 0.03175796058490536, -0.2808153470504644, 0.023825836181640626], [-0.2802810525509297, -0.020273124689269978, -0.9597038772435371, -0.0076964144583579015], [-0.0361712424520958, 0.9992899641019232, -0.010545561372008391, 1.5923976131889725], [0.0, 0.0, 0.0, 1.0]], "Head": [[0.9306473002937626, 0.03622124109649878, -0.3641203429490867, 0.025175549983978272], [-0.36426928187544283, -0.002633512165955428, -0.9312899413692939, -0.008558021720585441], [-0.03469139285010969, 0.9993403255683736, 0.010743414495321688, 1.6348675533368575], [0.0, 0.0, 0.0, 1.0]], "RightShoulder": [[0.9545119421262984, -0.1578088336920234, -0.25298878304589945, -0.006310347318649292], [-0.2551208890662566, 0.006938391045276821, -0.9668842695440585, 0.006065743860760421], [0.15433821399875303, 0.9874453051883268, -0.03363755284215913, 1.493201446798348], [0.0, 0.0, 0.0, 1.0]], "RightArm": [[0.18742741167230415, -0.9777177813715363, 0.09454578437847615, -0.15998677253723145], [0.09719260772599782, -0.07732007986077649, -0.9922576289723075, 0.047140219400848074], [0.9774582151464292, 0.19516543044362103, 0.08053503835297544, 1.468352968369161], [0.0, 0.0, 0.0, 1.0]], "RightForeArm": [[0.14381707286606804, -0.93567895527553, 0.3222135040725771, -0.2124664306640625], [0.1788368419663227, -0.29566375302299663, -0.938403073899415, 0.0199262931279061], [0.9733108617023395, 0.192582028763977, 0.12481237394346044, 1.1946646889813597], [0.0, 0.0, 0.0, 1.0]], "RightHand": [[0.07506120955433437, -0.9280020080223618, 0.3649357312277117, -0.24985891342163086], [0.19797778764769683, -0.3448142364120438, -0.917555414111706, -0.02657127919973563], [0.9773283022702074, 0.1411219879184097, 0.15784161082424514, 0.9416038501568936], [0.0, 0.0, 0.0, 1.0]], "RightHandThumb1": [[-0.40627747661571467, 0.09581835318762771, 0.9087119759237129, -0.23763055801391603], [0.457888951326138, -0.8392636167882956, 0.293213727149464, -0.051839249078142774], [0.7907441560000419, 0.5352153068885844, 0.2970997391852465, 0.9259654976119659], [0.0, 0.0, 0.0, 1.0]], "RightHandThumb2": [[-0.38134534389800656, 0.16975959400266882, 0.9087119504724037, -0.22190052032470703], [0.293686425767062, -0.9098208737939603, 0.2932136779363555, -0.0695675478344962], [0.8765409357283211, 0.37869203563429443, 0.2970998656002312, 0.8953498809923107], [0.0, 0.0, 0.0, 1.0]], "RightHandThumb3": [[-0.3572740427707186, 0.2158654015554276, 0.9087119382805424, -0.2116412925720215], [0.17826210027326547, -0.939280809768489, 0.2932135467655229, -0.07746851440168566], [0.9168303452484721, 0.2667464879093392, 0.29710003234534027, 0.8717685665600344], [0.0, 0.0, 0.0, 1.0]], "RightInHandIndex": [[0.07506102162966577, -0.9280019932902853, 0.36493580734311093, -0.2497726249694824], [0.19797783150591566, -0.3448143353464496, -0.9175553674693443, -0.05421164686668224], [0.9773283078188864, 0.14112184306068212, 0.15784170598111927, 0.9125153327133433], [0.0, 0.0, 0.0, 1.0]], "RightHandIndex1": [[-0.44123906133265933, -0.8166869455401141, 0.3719281163593756, -0.2491655921936035], [0.2252108854418937, -0.5019676439972882, -0.8350500233269212, -0.07438150829085967], [0.8686703332293295, -0.2846944280525554, 0.40541452219065444, 0.8604307523639171], [0.0, 0.0, 0.0, 1.0]], "RightHandIndex2": [[-0.7162081507853291, -0.5905212764701324, 0.3719280935674863, -0.23237249374389649], [0.019690829674766066, -0.5498215150538737, -0.8350500420996242, -0.08295280258395148], [0.697608884673482, -0.5907460737236853, 0.4054145044330216, 0.8273700677851522], [0.0, 0.0, 0.0, 1.0]], "RightHandIndex3": [[-0.8478303985438513, -0.37795917538306595, 0.3719280535919912, -0.2169192886352539], [-0.12776103670482988, -0.5351341191941089, -0.8350500535743078, -0.0833776638339719], [0.51464622101506, -0.755498733432492, 0.40541451747171114, 0.8123181878837684], [0.0, 0.0, 0.0, 1.0]], "RightInHandMiddle": [[0.07506102162966577, -0.9280019932902853, 0.36493580734311093, -0.25467374801635745], [0.19797783150591566, -0.3448143353464496, -0.9175553674693443, -0.042792240770328636], [0.9773283078188864, 0.14112184306068212, 0.15784170598111927, 0.9088742046724623], [0.0, 0.0, 0.0, 1.0]], "RightHandMiddle1": [[-0.5110019172797464, -0.7782665870080053, 0.36493583008980357, -0.256734561920166], [-0.05568092053308167, -0.39368999278449385, -0.9175553523738695, -0.05628958629516112], [0.8577742567977972, -0.489192507228245, 0.1578417411419804, 0.8560986303520056], [0.0, 0.0, 0.0, 1.0]], "RightHandMiddle2": [[-0.881368192347074, -0.30001989681994273, 0.3649358450892472, -0.23551475524902343], [-0.2858366024861787, -0.2763867973012655, -0.9175553252838269, -0.05397738705292799], [0.3761483034628905, -0.9130161005095706, 0.15784186394074712, 0.8204788184413563], [0.0, 0.0, 0.0, 1.0]], "RightHandMiddle3": [[-0.9251373160980352, 0.104608037513714, 0.36493575441501136, -0.21257171630859376], [-0.3764240478787966, -0.12805108011023478, -0.9175553700246899, -0.04653672900926347], [-0.049253249044766904, -0.9862353062885822, 0.15784181349820633, 0.8106872538251915], [0.0, 0.0, 0.0, 1.0]], "RightInHandRing": [[0.07506102162966577, -0.9280019932902853, 0.36493580734311093, -0.2582582092285156], [0.19797783150591566, -0.3448143353464496, -0.9175553674693443, -0.034283053016448066], [0.9773283078188864, 0.14112184306068212, 0.15784170598111927, 0.9076041397367935], [0.0, 0.0, 0.0, 1.0]], "RightHandRing1": [[-0.45283960930231704, -0.8215672753148113, 0.34635747484170504, -0.26353805541992187], [-0.18049360095618633, -0.29595460256820555, -0.9379941008516879, -0.03922994315997248], [0.8731313465113916, -0.4872761900098276, -0.014267669351124166, 0.8591503889102063], [0.0, 0.0, 0.0, 1.0]], "RightHandRing2": [[-0.857940232820305, -0.37944038431334093, 0.34635754887166026, -0.24714982986450196], [-0.3228757564031121, -0.12616798142093338, -0.9379940758828316, -0.032697899752237934], [0.3996120654276583, -0.9165733114248484, -0.014267513740313969, 0.8275518784535435], [0.0, 0.0, 0.0, 1.0]], "RightHandRing3": [[-0.9379683767201494, 0.015868277607189448, 0.3463575061100157, -0.22560596466064453], [-0.3460106364359564, 0.02106466577342368, -0.93799409344038, -0.024590115519203593], [-0.02218025577293998, -0.9996521783208585, -0.014267397527644636, 0.8175171650628288], [0.0, 0.0, 0.0, 1.0]], "RightInHandPinky": [[0.07506102162966577, -0.9280019932902853, 0.36493580734311093, -0.2615490341186523], [0.19797783150591566, -0.3448143353464496, -0.9175553674693443, -0.023258360967469374], [0.9773283078188864, 0.14112184306068212, 0.15784170598111927, 0.9078234090175261], [0.0, 0.0, 0.0, 1.0]], "RightHandPinky1": [[-0.2879294422069931, -0.9035739611093252, 0.31725499699070764, -0.2687859153747559], [-0.28126998661084823, -0.2368813465655769, -0.9299324826465706, -0.02127742726799214], [0.9154145678010074, -0.3569892497743924, -0.18594312195726304, 0.8634277334449357], [0.0, 0.0, 0.0, 1.0]], "RightHandPinky2": [[-0.837476842555853, -0.4449514264072043, 0.3172550493228968, -0.2604403305053711], [-0.36672391322534365, 0.02718725728370986, -0.9299324838449735, -0.013124861344169505], [0.4051494904987178, -0.8951419335388021, -0.1859430266749634, 0.836894606970241], [0.0, 0.0, 0.0, 1.0]], "RightHandPinky3": [[-0.9479928121125019, 0.025669413310465856, 0.3172549596197459, -0.24510374069213867], [-0.30567566562877524, 0.20442094378948666, -0.9299325057135183, -0.0064091037690699355], [-0.08872438010736143, -0.9785464521219794, -0.18594307035771043, 0.8294751736700461], [0.0, 0.0, 0.0, 1.0]], "LeftShoulder": [[0.913845073103918, 0.13552723836457886, -0.3827787220117718, 0.049321556091308595], [-0.37003815226829884, -0.11022447000736217, -0.9224545149097929, -0.010186405981437151], [-0.16720929468650444, 0.9846232446336358, -0.050577839985264425, 1.4909745784121626], [0.0, 0.0, 0.0, 1.0]], "LeftArm": [[0.087746396067381, 0.9488916633142658, -0.30315867342016267, 0.1964505958557129], [-0.12670657734693655, -0.29122889563560256, -0.9482252757672589, -0.06976254187058675], [-0.9880516247819308, 0.12161554851068195, 0.09467652890888467, 1.4640539520287104], [0.0, 0.0, 0.0, 1.0]], "LeftForeArm": [[0.03571414238017978, 0.9786955003935317, -0.20218708550128212, 0.22101957321166993], [-0.1703347667972926, -0.19339439179217607, -0.9662218567407012, -0.10524039690410221], [-0.9847388320027611, 0.06894727502076424, 0.15979895498109778, 1.1873995162738218], [0.0, 0.0, 0.0, 1.0]], "LeftHand": [[0.07007357278172877, 0.964590460525914, -0.2542733526345398, 0.23030540466308594], [-0.1889337108165441, -0.23745281073421617, -0.9528484746230709, -0.14952745694060748], [-0.9794864712259665, 0.11481030501146627, 0.16560448831018992, 0.9313673335518396], [0.0, 0.0, 0.0, 1.0]], "LeftHandThumb1": [[-0.19440152723458337, 0.5366533175372094, -0.8211036858918421, 0.22058961868286134], [-0.6726327737835586, -0.6822102149807755, -0.2866258435803064, -0.1760287494516923], [-0.7139840319230534, 0.4965807480684211, 0.49359331722249805, 0.9160100478475329], [0.0, 0.0, 0.0, 1.0]], "LeftHandThumb2": [[-0.2999827523464522, 0.48559132033218216, -0.8211037802328613, 0.2130628776550293], [-0.5189983362413109, -0.8052864951342262, -0.2866258671738942, -0.20207140037347643], [-0.8004068186075127, 0.34016867929379274, 0.4935931465834171, 0.8883663852101491], [0.0, 0.0, 0.0, 1.0]], "LeftHandThumb3": [[-0.3635288095884994, 0.4400402089568488, -0.8211037809560873, 0.20499250411987305], [-0.40407926438995917, -0.8686572921225997, -0.28662598788718435, -0.21603387806992888], [-0.8393847465192827, 0.2275942076227938, 0.49359307528298496, 0.8668332577687751], [0.0, 0.0, 0.0, 1.0]], "LeftInHandIndex": [[0.07007357278172877, 0.964590460525914, -0.2542733526345398, 0.232547607421875], [-0.1889337108165441, -0.23745281073421617, -0.9528484746230709, -0.17702152381257227], [-0.9794864712259665, 0.11481030501146627, 0.16560448831018992, 0.9022264784681999], [0.0, 0.0, 0.0, 1.0]], "LeftHandIndex1": [[-0.4965084546741503, 0.8269930767670003, -0.26374572113408384, 0.23279468536376954], [-0.24484774095731146, -0.424935168021208, -0.8714813174858603, -0.19716907402561046], [-0.8327838484175771, -0.36812029821545966, 0.4134712902446468, 0.8501303014400614], [0.0, 0.0, 0.0, 1.0]], "LeftHandIndex2": [[-0.8035952081625248, 0.5335475030305487, -0.26374571736446195, 0.21389808654785156], [-0.038584661851246795, -0.4889085111858522, -0.8714813202587077, -0.2064877295615704], [-0.5939242083701031, -0.690141673643826, 0.4134712868048359, 0.8184354310376128], [0.0, 0.0, 0.0, 1.0]], "LeftHandIndex3": [[-0.9282601977409728, 0.2622426170456572, -0.26374573948205327, 0.1965593719482422], [0.11277518922359724, -0.47728614058203267, -0.8714813232100227, -0.2073202485326682], [-0.354421728997352, -0.8387054010875064, 0.41347126647588794, 0.8056206421828628], [0.0, 0.0, 0.0, 1.0]], "LeftInHandMiddle": [[0.07007357278172877, 0.964590460525914, -0.2542733526345398, 0.23602293014526368], [-0.1889337108165441, -0.23745281073421617, -0.9528484746230709, -0.16512344473033091], [-0.9794864712259665, 0.11481030501146627, 0.16560448831018992, 0.8984795307460939], [0.0, 0.0, 0.0, 1.0]], "LeftHandMiddle1": [[-0.46081803000197863, 0.8502892818445823, -0.2542732396563182, 0.23814558029174804], [-0.03117873126561561, -0.3018403344611371, -0.9528485185007411, -0.1783398997873826], [-0.8869468022050494, -0.43116186017853364, 0.16560440931818518, 0.8456353681810794], [0.0, 0.0, 0.0, 1.0]], "LeftHandMiddle2": [[-0.8464154882091499, 0.4678951758235136, -0.2542733288427042, 0.2190096855163574], [0.13640678142465304, -0.27105889193619526, -0.9528485016431998, -0.1796346255028755], [-0.5147562639745477, -0.8411903360972515, 0.16560436937339826, 0.8088040845551493], [0.0, 0.0, 0.0, 1.0]], "LeftHandMiddle3": [[-0.959474613628946, 0.1214638873026666, -0.2542734549317128, 0.19697649002075196], [0.22702901977467752, -0.2013395925392362, -0.9528484625879844, -0.17608379026139281], [-0.16693199208580095, -0.9719613637164088, 0.16560440048744676, 0.7954043502132909], [0.0, 0.0, 0.0, 1.0]], "LeftInHandRing": [[0.07007357278172877, 0.964590460525914, -0.2542733526345398, 0.23858509063720704], [-0.1889337108165441, -0.23745281073421617, -0.9528484746230709, -0.156264163131506], [-0.9794864712259665, 0.11481030501146627, 0.16560448831018992, 0.8971318748833453], [0.0, 0.0, 0.0, 1.0]], "LeftHandRing1": [[-0.39170711007873216, 0.8887104153210045, -0.2382421826917645, 0.2430561065673828], [0.1026783833572487, -0.21509405363988296, -0.9711805690395102, -0.16061756028421917], [-0.9143427636859779, -0.40488065622937786, -0.00699747857151147, 0.8485399557477398], [0.0, 0.0, 0.0, 1.0]], "LeftHandRing2": [[-0.7883343691639708, 0.5672473617452919, -0.23824221495748907, 0.22888025283813476], [0.19758597926576665, -0.13329703187477968, -0.9711805610137406, -0.15690164315787852], [-0.5826565911344634, -0.8126883362558992, -0.006997493921931942, 0.8154499748310661], [0.0, 0.0, 0.0, 1.0]], "LeftHandRing3": [[-0.9361583181250213, 0.2585502888790731, -0.23824221188924344, 0.20908426284790038], [0.23155698758813525, -0.056477233856617286, -0.9711805617674887, -0.151940027909564], [-0.2645542759141113, -0.9643454102013729, -0.006997493773315977, 0.8008187799795857], [0.0, 0.0, 0.0, 1.0]], "LeftInHandPinky": [[0.07007357278172877, 0.964590460525914, -0.2542733526345398, 0.2406119155883789], [-0.1889337108165441, -0.23745281073421617, -0.9528484746230709, -0.14493766892137028], [-0.9794864712259665, 0.11481030501146627, 0.16560448831018992, 0.8972870572632079], [0.0, 0.0, 0.0, 1.0]], "LeftHandPinky1": [[-0.369383385703582, 0.9040701514766252, -0.21497226699086158, 0.24635425567626953], [0.24996082233873637, -0.12614377605795102, -0.9600038203348912, -0.14218323620216597], [-0.8950282127742692, -0.4083441060807335, -0.17938670342928278, 0.8527144560652484], [0.0, 0.0, 0.0, 1.0]], "LeftHandPinky2": [[-0.9121373616254214, 0.34898760784004557, -0.21497228449522915, 0.23564773559570312], [0.2629993824360094, 0.09604166134839531, -0.9600038146401918, -0.13493816174971363], [-0.3143831394418174, -0.9321929246993481, -0.17938671292819974, 0.8267722261573313], [0.0, 0.0, 0.0, 1.0]], "LeftHandPinky3": [[-0.9610103948602711, -0.17391358541282756, -0.21497229072455032, 0.21894390106201173], [0.17522779676459113, 0.21837560255533303, -0.9600038101224516, -0.13012189639185648], [0.21390240814804481, -0.9602427615022421, -0.17938672964022997, 0.8210150089606304], [0.0, 0.0, 0.0, 1.0]]}}