{"git_commit": "68dde26349efd33dc63b632526735db726652f10", "in": {"param": {"q0": [[0.0, 0.0, 0.0, 0.0, 0.0, 0.0, 0.0, 0.0, 0.0, 0.0, 0.0, 0.0, 0.0, 0.0, 0.0, 0.0, 0.0, 0.0, 0.0, 0.0, 0.0, 0.0, 0.0, 0.0, 0.0, 0.0, 0.0, 0.0, 0.0, 0.0, 0.0, 0.0, 0.0, 0.0, 0.0]], "dq_vel_limit_factor": [100], "dt": [100], "root_dir_z": [-0.01793060565713563, -0.013142985251078328, 0.9997528471174555], "root_dir_y": [0.07905993224168378, -0.9968013638745018, -0.011686235145395895], "root_pos": [0.6327970623970032, 0.2930513024330139, 1.1716152429580688], "torso_dir": [-0.0026360056121776973, -0.015978004007961125, 0.9998688688334757], "shoulder_dir": [0.0315627309613787, -0.9990792055678528, -0.029060884641865018], "L_upper_arm_dir": [0.05343982422847002, 0.03475259633726401, -0.99796615285001], "L_lower_arm_dir": [0.06015459665143483, 0.027823899464497367, -0.9978012102219024], "L_upper_leg_dir": [0.0034442447754240353, -0.03895717422894265, -0.9992349452226051], "L_lower_leg_dir": [0.007374638311215275, -0.04027428670575605, -0.9991614466842289], "L_foot_dir_front": [0.9927269935397268, 0.11947620899292156, -0.014783496956229637], "L_foot_pos": [0.631769597530365, 0.3519231677055359, 0.30225539207458496], "R_upper_arm_dir": [0.028628333966461486, 0.0037684517910902783, -0.999583021697249], "R_lower_arm_dir": [0.028526787311528048, -0.0066419643598321565, -0.9995709613204686], "R_upper_leg_dir": [-0.032822373517789626, 0.035007714347129924, -0.9988479122132902], "R_lower_leg_dir": [-0.006182965397104055, 0.04044337925640803, -0.999162701472198], "R_foot_dir_front": [0.9999729637587985, 0.004670888574691332, -0.00567930905722923], "R_foot_pos": [0.6228585243225098, 0.23187613487243652, 0.30018502473831177], "L_hand_dir_front": [0.05814690904249162, 0.13806057471943356, -0.9887154366535115], "L_hand_dir_outside": [-0.9982619294061178, 0.017559589312178662, -0.056256387384568875], "R_hand_dir_front": [0.09205545842427634, -0.09543753065238081, -0.9911697484877513], "R_hand_dir_outside": [-0.9778520155310615, -0.19656292078570817, -0.07189195987057256], "head_up_dir": [-0.05016940392416142, -0.01235668287150019, 0.9986642795746263], "head_front_dir": [0.9984662227538961, -0.024062640868317834, 0.04986172213240791]}, "weight": {"head_dir_weight": 5.0, "root_pos_weight": 100.0, "root_dir_weight": 100.0, "torso_dir_weight": 50.0, "shoulder_dir_weight": 30.0, "upper_arm_weight": 20.0, "L_upper_arm_weight": 20.0, "R_upper_arm_weight": 20.0, "lower_arm_weight": 10.0, "L_lower_arm_weight": 10.0, "R_lower_arm_weight": 10.0, "hand_dir_front_weight": 5.0, "hand_dir_outside_weight": 3.0, "finger_weight": 1.0, "upper_leg_weight": 50.0, "lower_leg_weight": 30.0, "foot_pos_weight": 10.0, "hand_pos_weight": 10.0, "L_hand_pos_weight": 10.0, "R_hand_pos_weight": 10.0, "foot_dir_x_weight": 10.0, "foot_dir_y_weight": 10.0, "joint_vel_cost_weight": 0.0010000000474974513, "hand_joint_vel_cost_weight": 0.0, "leg_joint_vel_cost_weight": 0.0010000000474974513, "arm_joint_vel_cost_weight": 0.0010000000474974513, "waist_joint_vel_cost_weight": 0.0010000000474974513, "default_config_cost_weight": 0.0010000000474974513, "shoulder_roll_default_cost_weight": 0.10000000149011612, "finger_turbo_factor": 1.0, "thumb_pos_weight": 10.0}}, "out": {"q": [[0.6327967459986151, 0.293051155907429, 1.1716146571507124, 0.07914666408481716, 0.020200740760106257, -0.004236374150406309, -0.047592871653495586, -0.05492562449195454, -0.04773603248288295, -0.05395218801688427, 0.010821413507594836, -0.0034830055103647873, -0.0070607064741766215, -0.02592413992632769, 0.0033899519904533213, 0.1059847267143928, 0.074844253241854, 0.074844253241854, 0.074844253241854, 0.074844253241854, 0.07382092605869672, 0.07010268244506344, -0.026384801505102376, -0.021023923234503347, 0.0010251022200295928, -0.0007667405946564779, 0.1569985908485683, -0.043428450941521896, -0.10656970519898833, 0.074844253241854, 0.074844253241854, 0.074844253241854, 0.074844253241854, 0.07382092605869672, 0.07010268244506344]], "v": [[0.006327967459986151, 0.0029305115590742897, 0.011716146571507125, 0.0007914666408481716, 0.00020200740760106258, -4.236374150406309e-05, -0.00047592871653495585, -0.0005492562449195454, -0.00047736032482882944, -0.0005395218801688427, 0.00010821413507594836, -3.483005510364787e-05, -7.060706474176621e-05, -0.0002592413992632769, 3.389951990453321e-05, 0.001059847267143928, 0.0007484425324185399, 0.0007484425324185399, 0.0007484425324185399, 0.0007484425324185399, 0.0007382092605869672, 0.0007010268244506345, -0.00026384801505102375, -0.0002102392323450335, 1.0251022200295929e-05, -7.66740594656478e-06, 0.001569985908485683, -0.00043428450941521894, -0.0010656970519898833, 0.0007484425324185399, 0.0007484425324185399, 0.0007484425324185399, 0.0007484425324185399, 0.0007382092605869672, 0.0007010268244506345]]}, "extended": {"labels": ["root_pos/x", "root_pos/y", "root_pos/z", "dof_pos/virtual_yaw_joint", "dof_pos/waistRoll", "dof_pos/waistPitch", "dof_pos/waistYaw", "dof_pos/neckYaw", "dof_pos/neckPitch", "dof_pos/shoulderPitch_Left", "dof_pos/shoulderRoll_Left", "dof_pos/shoulderYaw_Left", "dof_pos/elbow_Left", "dof_pos/wristYaw_Left", "dof_pos/wristPitch_Left", "dof_pos/wristRoll_Left", "dof_pos/L_index_MCP_joint", "dof_pos/L_index_DIP_joint", "dof_pos/L_middle_MCP_joint", "dof_pos/L_middle_DIP_joint", "dof_pos/L_pinky_MCP_joint", "dof_pos/L_pinky_DIP_joint", "dof_pos/L_ring_MCP_joint", "dof_pos/L_ring_DIP_joint", "dof_pos/L_thumb_MCP_joint1", "dof_pos/L_thumb_MCP_joint2", "dof_pos/L_thumb_PIP_joint", "dof_pos/L_thumb_DIP_joint", "dof_pos/shoulderPitch_Right", "dof_pos/shoulderRoll_Right", "dof_pos/shoulderYaw_Right", "dof_pos/elbow_Right", "dof_pos/wristYaw_Right", "dof_pos/wristPitch_Right", "dof_pos/wristRoll_Right", "dof_pos/R_index_MCP_joint", "dof_pos/R_index_DIP_joint", "dof_pos/R_middle_MCP_joint", "dof_pos/R_middle_DIP_joint", "dof_pos/R_pinky_MCP_joint", "dof_pos/R_pinky_DIP_joint", "dof_pos/R_ring_MCP_joint", "dof_pos/R_ring_DIP_joint", "dof_pos/R_thumb_MCP_joint1", "dof_pos/R_thumb_MCP_joint2", "dof_pos/R_thumb_PIP_joint", "dof_pos/R_thumb_DIP_joint", "root_vel_body/x", "root_vel_body/y", "root_vel_body/z", "dof_vel/virtual_yaw_joint", "dof_vel/waistRoll", "dof_vel/waistPitch", "dof_vel/waistYaw", "dof_vel/neckYaw", "dof_vel/neckPitch", "dof_vel/shoulderPitch_Left", "dof_vel/shoulderRoll_Left", "dof_vel/shoulderYaw_Left", "dof_vel/elbow_Left", "dof_vel/wristYaw_Left", "dof_vel/wristPitch_Left", "dof_vel/wristRoll_Left", "dof_vel/L_index_MCP_joint", "dof_vel/L_index_DIP_joint", "dof_vel/L_middle_MCP_joint", "dof_vel/L_middle_DIP_joint", "dof_vel/L_pinky_MCP_joint", "dof_vel/L_pinky_DIP_joint", "dof_vel/L_ring_MCP_joint", "dof_vel/L_ring_DIP_joint", "dof_vel/L_thumb_MCP_joint1", "dof_vel/L_thumb_MCP_joint2", "dof_vel/L_thumb_PIP_joint", "dof_vel/L_thumb_DIP_joint", "dof_vel/shoulderPitch_Right", "dof_vel/shoulderRoll_Right", "dof_vel/shoulderYaw_Right", "dof_vel/elbow_Right", "dof_vel/wristYaw_Right", "dof_vel/wristPitch_Right", "dof_vel/wristRoll_Right", "dof_vel/R_index_MCP_joint", "dof_vel/R_index_DIP_joint", "dof_vel/R_middle_MCP_joint", "dof_vel/R_middle_DIP_joint", "dof_vel/R_pinky_MCP_joint", "dof_vel/R_pinky_DIP_joint", "dof_vel/R_ring_MCP_joint", "dof_vel/R_ring_DIP_joint", "dof_vel/R_thumb_MCP_joint1", "dof_vel/R_thumb_MCP_joint2", "dof_vel/R_thumb_PIP_joint", "dof_vel/R_thumb_DIP_joint", "torso/pos_x", "torso/pos_y", "torso/pos_z", "torso_quat/x", "torso_quat/y", "torso_quat/z", "torso_quat/w", "torso/vel_local_x", "torso/vel_local_y", "torso/vel_local_z", "torso/vel_local_norm", "torso/ang_vel_local_x", "torso/ang_vel_local_y", "torso/ang_vel_local_z", "torso/ang_vel_local_norm", "torso/pos_x_body", "torso/pos_y_body", "torso/pos_z_body", "torso_quat_body/x", "torso_quat_body/y", "torso_quat_body/z", "torso_quat_body/w", "shoulderRollLeft/pos_x", "shoulderRollLeft/pos_y", "shoulderRollLeft/pos_z", "shoulderRollLeft_quat/x", "shoulderRollLeft_quat/y", "shoulderRollLeft_quat/z", "shoulderRollLeft_quat/w", "shoulderRollLeft/vel_local_x", "shoulderRollLeft/vel_local_y", "shoulderRollLeft/vel_local_z", "shoulderRollLeft/vel_local_norm", "shoulderRollLeft/ang_vel_local_x", "shoulderRollLeft/ang_vel_local_y", "shoulderRollLeft/ang_vel_local_z", "shoulderRollLeft/ang_vel_local_norm", "shoulderRollLeft/pos_x_body", "shoulderRollLeft/pos_y_body", "shoulderRollLeft/pos_z_body", "shoulderRollLeft_quat_body/x", "shoulderRollLeft_quat_body/y", "shoulderRollLeft_quat_body/z", "shoulderRollLeft_quat_body/w", "elbowLeft/pos_x", "elbowLeft/pos_y", "elbowLeft/pos_z", "elbowLeft_quat/x", "elbowLeft_quat/y", "elbowLeft_quat/z", "elbowLeft_quat/w", "elbowLeft/vel_local_x", "elbowLeft/vel_local_y", "elbowLeft/vel_local_z", "elbowLeft/vel_local_norm", "elbowLeft/ang_vel_local_x", "elbowLeft/ang_vel_local_y", "elbowLeft/ang_vel_local_z", "elbowLeft/ang_vel_local_norm", "elbowLeft/pos_x_body", "elbowLeft/pos_y_body", "elbowLeft/pos_z_body", "elbowLeft_quat_body/x", "elbowLeft_quat_body/y", "elbowLeft_quat_body/z", "elbowLeft_quat_body/w", "shoulderRollRight/pos_x", "shoulderRollRight/pos_y", "shoulderRollRight/pos_z", "shoulderRollRight_quat/x", "shoulderRollRight_quat/y", "shoulderRollRight_quat/z", "shoulderRollRight_quat/w", "shoulderRollRight/vel_local_x", "shoulderRollRight/vel_local_y", "shoulderRollRight/vel_local_z", "shoulderRollRight/vel_local_norm", "shoulderRollRight/ang_vel_local_x", "shoulderRollRight/ang_vel_local_y", "shoulderRollRight/ang_vel_local_z", "shoulderRollRight/ang_vel_local_norm", "shoulderRollRight/pos_x_body", "shoulderRollRight/pos_y_body", "shoulderRollRight/pos_z_body", "shoulderRollRight_quat_body/x", "shoulderRollRight_quat_body/y", "shoulderRollRight_quat_body/z", "shoulderRollRight_quat_body/w", "elbowRight/pos_x", "elbowRight/pos_y", "elbowRight/pos_z", "elbowRight_quat/x", "elbowRight_quat/y", "elbowRight_quat/z", "elbowRight_quat/w", "elbowRight/vel_local_x", "elbowRight/vel_local_y", "elbowRight/vel_local_z", "elbowRight/vel_local_norm", "elbowRight/ang_vel_local_x", "elbowRight/ang_vel_local_y", "elbowRight/ang_vel_local_z", "elbowRight/ang_vel_local_norm", "elbowRight/pos_x_body", "elbowRight/pos_y_body", "elbowRight/pos_z_body", "elbowRight_quat_body/x", "elbowRight_quat_body/y", "elbowRight_quat_body/z", "elbowRight_quat_body/w"], "result": [[0.6327967459986151], [0.293051155907429], [1.1716146571507124], [0.07914666408481716], [0.020200740760106257], [-0.004236374150406309], [-0.047592871653495586], [-0.05492562449195454], [-0.04773603248288295], [-0.05395218801688427], [0.010821413507594836], [-0.0034830055103647873], [-0.0070607064741766215], [-0.02592413992632769], [0.0033899519904533213], [0.1059847267143928], [0.074844253241854], [0.07963353700680023], [0.074844253241854], [0.07963353700680023], [0.074844253241854], [0.034183537006800234], [0.074844253241854], [0.034183537006800234], [0.07382092605869672], [0.07010268244506344], [0.09351697838171463], [0.046758489190857316], [-0.026384801505102376], [-0.021023923234503347], [0.0010251022200295928], [-0.0007667405946564779], [0.1569985908485683], [-0.043428450941521896], [-0.10656970519898833], [0.074844253241854], [0.07963353700680023], [0.074844253241854], [0.07963353700680023], [0.074844253241854], [0.07963353700680023], [0.074844253241854], [0.034183537006800234], [0.07382092605869672], [0.07010268244506344], [0.09351697838171463], [0.046758489190857316], [0.006327967459986151], [0.0029305115590742897], [0.011716146571507125], [0.0007914666408481716], [0.00020200740760106258], [-4.236374150406309e-05], [-0.00047592871653495585], [-0.0005492562449195454], [-0.00047736032482882944], [-0.0005395218801688427], [0.00010821413507594836], [-3.483005510364787e-05], [-7.060706474176621e-05], [-0.0002592413992632769], [3.389951990453321e-05], [0.001059847267143928], [0.0007484425324185399], [0.0007963353700680023], [0.0007484425324185399], [0.0007963353700680023], [0.0007484425324185399], [0.0007963353700680023], [0.0007484425324185399], [0.0007963353700680023], [0.0007382092605869672], [0.0007010268244506345], [0.0009351697838171465], [0.00046758489190857326], [-0.00026384801505102375], [-0.0002102392323450335], [1.0251022200295929e-05], [-7.66740594656478e-06], [0.001569985908485683], [-0.00043428450941521894], [-0.0010656970519898833], [0.0007484425324185399], [0.0007963353700680023], [0.0007484425324185399], [0.0007963353700680023], [0.0007484425324185399], [0.0007963353700680023], [0.0007484425324185399], [0.0007963353700680023], [0.0007382092605869672], [0.0007010268244506345], [0.0009351697838171465], [0.00046758489190857326], [0.6327458038326853], [0.2908536407688188], [1.3812971456125904], [0.010214035256231088], [-0.001474208539476026], [0.015754010177066815], [0.9998226399498601], [0.00645611038029087], [0.0029406217369101835], [0.011637140411664967], [0.013629073864459539], [0.00020638018243719267], [-1.6576868939144846e-05], [0.00031451356582417266], [0.00037654528993743994], [-0.00022452715837695633], [-0.002186608205381483], [0.20968248846187798], [0.010147714343891225], [-0.0018771522655820982], [-0.023814310980551718], [0.9996631326529394], [0.659130318485782], [0.4869019914945921], [1.6595646079074462], [0.016031403419568102], [-0.026686779821937547], [0.00641016208829855], [0.9994947322067966], [0.006917570773656114], [0.0031339228229038552], [0.01132548150498702], [0.013636010743185191], [0.00033053736318486895], [-0.0005182850706635547], [0.00012472995735096263], [0.0006272415206239976], [0.041577769987055535], [0.1911619536955033], [0.48794995075673375], [0.014963042905254081], [-0.02730013662751596], [-0.03313787054863239], [0.9989658109378101], [0.6394639877887082], [0.5005040011743562], [1.395798791679482], [0.016094239051764953], [-0.030187250698279457], [0.0046127409320005355], [0.9994040364065567], [0.007120453258210966], [0.0032410937469958814], [0.011259891179022088], [0.013710969792199325], [0.0003329670117654111], [-0.0005877377305359334], [8.755112180493494e-05], [0.0006811518698123198], [0.02304843408784273], [0.206276282709694], [0.22418413452876962], [0.014887340199143758], [-0.030800352874132596], [-0.03493029626584688], [0.9988040747651183], [0.6718398250106606], [0.08539160138360577], [1.6505131874365575], [-0.00010683592162664539], [-0.014125317099629841], [0.01998977965375314], [0.999700391473523], [0.006826148194623727], [0.0025964783060019045], [0.011496235649745582], [0.01361989107456387], [3.7165629968400823e-06], [-0.00027475007958910325], [0.0003938549184136972], [0.00048023235608753823], [0.02250244899397098], [-0.2100963883388938], [0.47889853028584506], [-0.0006655922527929665], [-0.014110031326409837], [-0.01957702126454724], [0.999708559651926], [0.6459895188790218], [0.07864801986810242], [1.3870254899396066], [-0.00010621592129106598], [-0.014508510895985403], [0.02050221677756831], [0.9996845257064675], [0.006911636371580971], [0.0025771737634876627], [0.011481706997325498], [0.013647056001665834], [3.7447575660548176e-06], [-0.0002824211510335526], [0.0004041031881409675], [0.0004930264865360069], [-0.0038001086442768593], [-0.21477502921444022], [0.21541083278889417], [-0.0006801330355255474], [-0.014492949640940925], [-0.019064357641688665], [0.9997129798584536]]}, "BoneMaps": {"Head": [[0.9984662227538961, 0.023414374419604565, -0.05016940392416142, 0.6270522475242615], [-0.024062640868317834, 0.9996340839041331, -0.01235668287150019, 0.2831658720970154], [0.04986172213240791, 0.013544938821679233, 0.9986642795746263, 1.8364977836608887], [0.0, 0.0, 0.0, 1.0]], "Spine": [[0.9996862662342559, -0.024908243154125313, -0.0026360056121776973, 0.6281172037124634], [0.024863044774283555, 0.9995631707863558, -0.015978004007961125, 0.2896209955215454], [0.003032838136866853, 0.015907452043033798, 0.9998688688334757, 1.4325506687164307], [0.0, 0.0, 0.0, 1.0]], "LeftShoulder": [[0.9989083503519947, -0.04314362423070334, -0.01790908387652975, 0.6267068386077881], [0.04261854428998575, 0.998678172677806, -0.028732683472323908, 0.3144380450248718], [0.019125043259015977, 0.02793805836414014, 0.9994266844622384, 1.6939778327941895], [0.0, 0.0, 0.0, 1.0]], "LeftArm": [[0.9921456341431589, 0.05343983298950751, -0.1130982975146958, 0.6197606921195984], [0.111343669213972, 0.03475250106347094, 0.9931741292420997, 0.47522521018981934], [0.057005508300853575, -0.9979661556986223, 0.028529355118444566, 1.6984758377075195], [0.0, 0.0, 0.0, 1.0]], "LeftForeArm": [[0.9925241535452808, 0.060154536209244686, -0.10619433319473587, 0.6347238421440125], [0.10467839258246892, 0.02782400636675908, 0.9941168235152511, 0.48495593667030334], [0.06275538825929153, -0.99780121088479, 0.021319118210478383, 1.419045329093933], [0.0, 0.0, 0.0, 1.0]], "LeftHand": [[0.9982619294061178, 0.05814690904249162, 0.009594647840294394, 0.6503640413284302], [-0.017559589312178662, 0.13806057471943356, 0.9902681144676563, 0.4921901524066925], [0.056256387384568875, -0.9887154366535115, 0.13884165153689798, 1.1596169471740723], [0.0, 0.0, 0.0, 1.0]], "RightShoulder": [[0.9997161031711773, -0.022373694398435475, -0.00819334237056394, 0.628151535987854], [0.022073066324278055, 0.999139752185658, -0.03510748275547407, 0.2564634084701538], [0.008971778155966826, 0.03491666366288887, 0.9993499556188377, 1.6930551528930664], [0.0, 0.0, 0.0, 1.0]], "RightArm": [[0.9995898714721984, -0.028628344171241688, -0.000711870920176735, 0.63175368309021], [-0.0008200913618855842, -0.003768621502551861, -0.999992562443406, 0.09560191631317139], [0.02862544847425489, 0.9995830207651507, -0.003790553741123137, 1.6874334812164307], [0.0, 0.0, 0.0, 1.0]], "RightForeArm": [[0.9953468819462855, -0.02852684313717685, 0.09203696985686813, 0.6397696137428284], [0.09226115681118328, 0.006642019632880691, -0.9957126907492234, 0.09665708243846893], [0.027793228377959202, 0.9995709593599763, 0.009243033079420981, 1.40755033493042], [0.0, 0.0, 0.0, 1.0]], "RightHand": [[0.9778520155310615, -0.09205545842427634, 0.18796602963338066, 0.6471865773200989], [0.19656292078570817, 0.09543753065238081, -0.9758353836150682, 0.09493017196655273], [0.07189195987057256, 0.9911697484877513, 0.11141847148788109, 1.1476619243621826], [0.0, 0.0, 0.0, 1.0]], "Hips": [[0.9967085721518983, -0.07906020224924999, -0.01793060565713563, 0.6327970623970032], [0.07883112099731203, 0.9968013424454228, -0.013142985251078328, 0.2930513024330139], [0.018912338862001454, 0.011686236319302993, 0.9997528471174555, 1.1716152429580688], [0.0, 0.0, 0.0, 1.0]], "LeftUpLeg": [[0.9981358674095256, -0.060933791795476706, -0.00344430080847065, 0.6253448724746704], [0.061021828072759514, 0.9973758958241024, 0.03895714219148878, 0.38700979948043823], [0.0010614562130931361, -0.039094698444863255, 0.9992349462785081, 1.172716736793518], [0.0, 0.0, 0.0, 1.0]], "LeftLeg": [[0.9982583518891616, -0.057844942963913216, -0.011585571070797584, 0.6268969178199768], [0.05828070197855063, 0.9974295696465892, 0.04168468989337777, 0.36945492029190063], [0.009144542657904762, -0.04228730504680256, 0.999063642202766, 0.722441554069519], [0.0, 0.0, 0.0, 1.0]], "LeftFoot": [[0.9927269935397268, -0.11953765933855594, 0.0142781055268013, 0.631769597530365], [0.11947620899292156, 0.9928240418777362, 0.005085012707437799, 0.3519231677055359], [-0.014783496956229637, -0.0033421354572229327, 0.9998851325769029, 0.30225539207458496], [0.0, 0.0, 0.0, 1.0]], "RightUpLeg": [[0.9989991048298085, -0.030388796107745922, 0.03282239510400269, 0.6402493715286255], [0.031535646079579566, 0.9988893647999731, -0.035007712233873486, 0.19909128546714783], [-0.03172209916737718, 0.036007748619263105, 0.9988479115780275, 1.17051362991333], [0.0, 0.0, 0.0, 1.0]], "RightLeg": [[0.9997939540049388, -0.019334430586015288, 0.006182987068152668, 0.6254589557647705], [0.01956899940544508, 0.998990183536378, -0.04044338586497604, 0.21486645936965942], [-0.005394793549347074, 0.040556047537552396, 0.9991627010705972, 0.7204128503799438], [0.0, 0.0, 0.0, 1.0]], "RightFoot": [[0.9999729637587985, -0.00463725522124541, 0.005706804312199619, 0.6228585243225098], [0.004670888574691332, 0.9999717189943388, -0.005894405095518335, 0.23187613487243652], [-0.00567930905722923, 0.0059209015800202845, 0.9999663436201801, 0.30018502473831177], [0.0, 0.0, 0.0, 1.0]]}}