{"in": {"param": {"q0": [[0.0, 0.0, 0.0, 0.0, 0.0, 0.0, 1.0, 0.0, 0.0, 0.0, 0.0, 0.0, 0.0, 0.0, 0.0, 0.0, 0.0, 0.0, 0.0, 0.0, 0.0, 0.0, 0.0, 0.0, 0.0, 0.0, 0.0, 0.0, 0.0, 0.0, 0.0, 0.0, 0.0, 0.0, 0.0, 0.0, 0.0, 0.0, 0.0, 0.0, 0.0, 0.0, 0.0, 0.0, 0.0, 0.0, 0.0, 0.0, 0.0, 0.0, 0.0, 0.0, 0.0, 0.0, 0.0, 0.0, 0.0, 0.0, 0.0, 0.0]], "dq_vel_limit_factor": [100], "dt": [100], "root_dir_z": [0.01792986616792551, -0.07726019428517761, 0.9968497290355346], "root_dir_y": [-0.976245221882429, -0.21664268049324278, 0.003348990956954409], "root_pos": [2.1268487548828126, 2.6344860382158815, 1.0470611960896614], "torso_dir": [0.009804280319921753, -0.06718468431404359, 0.9976923845960901], "shoulder_dir": [-0.9926173142045784, -0.12065724172588507, -0.01235708543268124], "L_upper_arm_dir": [0.06311330319396069, 0.0615509545894239, -0.996106515865186], "L_lower_arm_dir": [-0.002587759592154626, -0.1646512756198514, -0.9863484480329713], "L_upper_leg_dir": [0.09159579871222932, 0.08799226560021915, -0.9919009884322181], "L_lower_leg_dir": [0.07686685485056323, 0.09467242355466955, -0.9925364571861678], "L_foot_dir_front": [-0.04575832736933078, -0.9989202572088084, 0.008030891248861638], "L_foot_pos": [2.3022834777832033, 2.734002986328023, 0.10053761035179286], "R_upper_arm_dir": [-0.12631819252336207, 0.006884049419838849, -0.991965888577434], "R_lower_arm_dir": [-0.02877247276718997, -0.19682301523549448, -0.9800167577569641], "R_upper_leg_dir": [-0.07330612309326218, 0.09902587323013673, -0.9923810199454876], "R_lower_leg_dir": [-0.045057895466600315, 0.08305191187399645, -0.9955260749926125], "R_foot_dir_front": [-0.04702408513323527, -0.9988171439976818, -0.012371268071550437], "R_foot_pos": [1.9697117614746094, 2.7076559403812994, 0.10164226923430661], "L_hand_dir_front": [-0.003814691437646811, -0.49033749348614997, -0.8235918692390717], "L_hand_dir_outside": [0.2816670184288596, 0.8925629444500044, -0.3521293525455311], "R_hand_dir_front": [0.1734219123286386, -0.3480778599560656, -0.8613754139789231], "R_hand_dir_outside": [-0.46955762115793515, 0.8464865262971634, -0.25095059515741874], "L_finger_thumb_palm_dir": [-0.041740250293920145, -0.9015792215231765, -0.43059570228123023], "L_finger_thumb_middle_dir": [-0.3720329370604145, -0.5205294567938826, -0.7685314426567522], "L_finger_thumb_lower_dir": [-0.46307637648385813, -0.3248258722260442, -0.824650484917805], "L_finger_index_palm_dir": [0.005666698276421522, -0.3875270614768933, -0.921840910978532], "L_finger_index_upper_dir": [-0.5773781073893076, -0.3608755338767719, -0.7323956377236943], "L_finger_index_middle_dir": [-0.8607407227609034, -0.07251758975206124, -0.5038517712160884], "L_finger_index_lower_dir": [-0.950751792708832, 0.14262616652561055, -0.2751886721563056], "L_finger_middle_palm_dir": [0.005666698276421522, -0.3875270614768933, -0.921840910978532], "L_finger_middle_upper_dir": [-0.4514253010916762, -0.21233733272736127, -0.8666764417385078], "L_finger_middle_middle_dir": [-0.8631077407321006, 0.07852798995224072, -0.4988771218269995], "L_finger_middle_lower_dir": [-0.9557377951882542, 0.2622790969307132, -0.13332269934975066], "L_finger_ring_palm_dir": [0.005666698276421522, -0.3875270614768933, -0.921840910978532], "L_finger_ring_upper_dir": [-0.3990494566403451, -0.07564817120172329, -0.9138035266669096], "L_finger_ring_middle_dir": [-0.8004395855981579, 0.1187659646092503, -0.5875296719808154], "L_finger_ring_lower_dir": [-0.9369366593280235, 0.23152476978593267, -0.2618128671070523], "L_finger_pinky_palm_dir": [0.005666698276421522, -0.3875270614768933, -0.921840910978532], "L_finger_pinky_upper_dir": [-0.23417945883237334, 0.03498006511095068, -0.9715638816391913], "L_finger_pinky_middle_dir": [-0.6764551725794106, 0.16929847150171703, -0.7167610669098479], "L_finger_pinky_lower_dir": [-0.872211788547689, 0.23445571977717772, -0.42927509988608364], "R_finger_thumb_palm_dir": [0.23181808051208952, -0.8585314450009962, -0.45736652205008854], "R_finger_thumb_middle_dir": [0.5518460864390002, -0.4857247869762375, -0.6778918263254466], "R_finger_thumb_lower_dir": [0.6276799301688154, -0.31988871172787475, -0.7097105870510552], "R_finger_index_palm_dir": [0.15882287028277586, -0.2204644636948329, -0.9623776369611317], "R_finger_index_upper_dir": [0.5672743823377528, -0.22182735659034436, -0.7930904103640787], "R_finger_index_middle_dir": [0.7506834333272057, -0.028861574191903515, -0.6600313571817972], "R_finger_index_lower_dir": [0.8402471492699213, 0.10877800761315892, -0.5311798878002469], "R_finger_middle_palm_dir": [0.15882287028277586, -0.2204644636948329, -0.9623776369611317], "R_finger_middle_upper_dir": [0.43611460114449296, -0.041765906560085664, -0.898921389064581], "R_finger_middle_middle_dir": [0.6641905484374355, 0.14164601320465273, -0.7340213364130547], "R_finger_middle_lower_dir": [0.7757738455360053, 0.2561593638479554, -0.5766778311113497], "R_finger_ring_palm_dir": [0.15882287028277586, -0.2204644636948329, -0.9623776369611317], "R_finger_ring_upper_dir": [0.37171047087683395, 0.10852877116105399, -0.9219830972804205], "R_finger_ring_middle_dir": [0.6227461183718237, 0.27520259346231435, -0.7324280200841877], "R_finger_ring_lower_dir": [0.7477423131703456, 0.36800755930105117, -0.5526770027710084], "R_finger_pinky_palm_dir": [0.15882287028277586, -0.2204644636948329, -0.9623776369611317], "R_finger_pinky_upper_dir": [0.23926558008853394, 0.2221105949916887, -0.9452083716183097], "R_finger_pinky_middle_dir": [0.5734294652142569, 0.39717609540603105, -0.7165401577456163], "R_finger_pinky_lower_dir": [0.7373123844734151, 0.4724304992003939, -0.48288701693811825], "L_finger_thumb_palm_middle_rel_rot": [0.6167653748256509], "L_finger_thumb_middle_lower_rel_rot": [0.2234853080913255], "L_finger_index_palm_upper_rel_rot": [0.569529933379872], "L_finger_index_upper_middle_rel_rot": [0.46868843126106624], "L_finger_index_middle_lower_rel_rot": [0.32808180848026874], "L_finger_middle_palm_upper_rel_rot": [0.4977350764832133], "L_finger_middle_upper_middle_rel_rot": [0.6345824684579734], "L_finger_middle_middle_lower_rel_rot": [0.4226319254251072], "L_finger_ring_palm_upper_rel_rot": [0.4876518804114189], "L_finger_ring_upper_middle_rel_rot": [0.5598830264348337], "L_finger_ring_middle_lower_rel_rot": [0.3728820482729746], "L_finger_pinky_palm_upper_rel_rot": [0.3524467137110689], "L_finger_pinky_upper_middle_rel_rot": [0.534127491971374], "L_finger_pinky_middle_lower_rel_rot": [0.35572899075594844], "R_finger_thumb_palm_middle_rel_rot": [0.5452783988093162], "R_finger_thumb_middle_lower_rel_rot": [0.1853728633776547], "R_finger_index_palm_upper_rel_rot": [0.3630205796665059], "R_finger_index_upper_middle_rel_rot": [0.2987324520370703], "R_finger_index_middle_lower_rel_rot": [0.2091127173123123], "R_finger_middle_palm_upper_rel_rot": [0.33753238207789893], "R_finger_middle_upper_middle_rel_rot": [0.33753241784070903], "R_finger_middle_middle_lower_rel_rot": [0.22479671620074837], "R_finger_ring_palm_upper_rel_rot": [0.3569860517995801], "R_finger_ring_upper_middle_rel_rot": [0.3578989400590247], "R_finger_ring_middle_lower_rel_rot": [0.23836050841390272], "R_finger_pinky_palm_upper_rel_rot": [0.2935046960778369], "R_finger_pinky_upper_middle_rel_rot": [0.44479542320001975], "R_finger_pinky_middle_lower_rel_rot": [0.29623384348903725], "L_finger_thumb_joint_1_angle": [-0.7541068943178864], "L_finger_thumb_joint_2_angle": [-0.39377927026335025], "R_finger_thumb_joint_1_angle": [-0.8597718412433565], "R_finger_thumb_joint_2_angle": [-0.45542138857714354], "L_finger_index_joint_angle": [0.4554333910404023], "L_finger_middle_joint_angle": [0.518316490122098], "L_finger_ring_joint_angle": [0.47347231837307574], "L_finger_pinky_joint_angle": [0.4141010654794638], "R_finger_index_joint_angle": [0.2902885830052962], "R_finger_middle_joint_angle": [0.2999538387064521], "R_finger_ring_joint_angle": [0.31774850009083583], "R_finger_pinky_joint_angle": [0.34484465425563127], "L_hand_ee_pos": [2.342220458984375, 2.5745507413037503, 0.9138637905157045], "R_hand_ee_pos": [1.9072822570800783, 2.510544088691576, 0.9088340330792131], "foot_axis": [1.0, 0.0, 0.0], "left_shoulder_pos": [2.3218899536132813, 2.622653133622741, 1.4783207323155936], "right_shoulder_pos": [1.9454145812988282, 2.5768908047260424, 1.4736339932547118]}, "weight": {"head_dir_weight": 5.0, "root_pos_weight": 100.0, "root_dir_weight": 100.0, "torso_dir_weight": 50.0, "shoulder_dir_weight": 30.0, "upper_arm_weight": 10.0, "L_upper_arm_weight": 20.0, "R_upper_arm_weight": 20.0, "lower_arm_weight": 5.0, "L_lower_arm_weight": 10.0, "R_lower_arm_weight": 10.0, "hand_dir_front_weight": 5.0, "hand_dir_outside_weight": 3.0, "finger_weight": 1.0, "upper_leg_weight": 1.0, "lower_leg_weight": 1.0, "foot_pos_weight": 0.0, "hand_pos_weight": 10.0, "L_hand_pos_weight": 10.0, "R_hand_pos_weight": 10.0, "foot_dir_x_weight": 10.0, "foot_dir_y_weight": 0.0, "joint_vel_cost_weight": 0.0010000000474974513, "default_config_cost_weight": 0.0010000000474974513}}, "out": {"q": [[2.1268476176745312, 2.6344846294955317, 1.0470606650605703, 0.02403307930859474, 0.03159769993888393, -0.6254236186628215, 0.7792748511765414, -0.014168811428462238, 0.10342578224120261, -0.264189022865986, 0.005798762203243511, -0.10618995913571025, 3.432316605612767e-18, 0.03666843482373156, -0.03377289325149168, -0.29028901290407155, -0.014379849283644518, -0.0685833586155353, 3.432316605612767e-18, 0.012247651564695606, -0.012121865591222135, -0.09595711313268111, -0.014876234275293531, 0.06639886783559196, -0.3918473703546924, -0.23628420304501993, -0.020375718183059534, -0.2962462855439417, 0.1067058965740953, 0.4545366116816364, 0.4545366116816364, 0.5172913379340388, 0.5172913379340388, 0.4132890414150637, 0.4132890414150637, 0.472538652212995, 0.472538652212995, 0.08408488163225858, 0.41947723807771253, 0.41947723807771253, 0.41947723807771253, -0.046329599592940925, -0.12876062596920176, 0.29674241111978766, -0.2266289342499511, 0.026022609716853263, -0.19643641330490827, 0.10477351941143526, 0.28973375218041636, 0.28973375218041636, 0.2993786563623803, 0.2993786563623803, 0.344175681333886, 0.344175681333886, 0.31713600761790867, 0.31713600761790867, 0.08408488163225858, 0.36477399813446637, 0.36477399813446637, 0.36477399813446637]], "v": [[6.492250237387857e-05, 0.8992572092948832, 0.05375716543106157, 0.012567390329697881, 0.016523085683431905, -0.3270468439030581, -0.00014168811428462238, 0.001034257822412026, -0.0026418902286598597, 5.7987622032435115e-05, -0.0010618995913571024, 3.432316605612767e-20, 0.0003666843482373156, -0.0003377289325149168, -0.0029028901290407156, -0.00014379849283644518, -0.000685833586155353, 3.432316605612767e-20, 0.00012247651564695607, -0.00012121865591222135, -0.0009595711313268112, -0.0001487623427529353, 0.0006639886783559195, -0.003918473703546924, -0.002362842030450199, -0.00020375718183059533, -0.002962462855439417, 0.001067058965740953, 0.004545366116816364, 0.004545366116816364, 0.005172913379340388, 0.005172913379340388, 0.004132890414150637, 0.004132890414150637, 0.00472538652212995, 0.00472538652212995, 0.0008408488163225859, 0.004194772380777125, 0.004194772380777125, 0.004194772380777125, -0.0004632959959294092, -0.0012876062596920176, 0.0029674241111978766, -0.002266289342499511, 0.0002602260971685326, -0.0019643641330490827, 0.0010477351941143526, 0.0028973375218041635, 0.0028973375218041635, 0.002993786563623803, 0.002993786563623803, 0.00344175681333886, 0.00344175681333886, 0.0031713600761790867, 0.0031713600761790867, 0.0008408488163225859, 0.0036477399813446636, 0.0036477399813446636, 0.0036477399813446636]]}, "extended": {"labels": ["root_pos/x", "root_pos/y", "root_pos/z", "root_quat/x", "root_quat/y", "root_quat/z", "root_quat/w", "dof_pos/hipPitch_Left", "dof_pos/hipRoll_Left", "dof_pos/hipYaw_Left", "dof_pos/kneePitch_Left", "dof_pos/anklePitch_Left", "dof_pos/ankleRoll_Left", "dof_pos/hipPitch_Right", "dof_pos/hipRoll_Right", "dof_pos/hipYaw_Right", "dof_pos/kneePitch_Right", "dof_pos/anklePitch_Right", "dof_pos/ankleRoll_Right", "dof_pos/waistRoll", "dof_pos/waistPitch", "dof_pos/waistYaw", "dof_pos/shoulderPitch_Left", "dof_pos/shoulderRoll_Left", "dof_pos/shoulderYaw_Left", "dof_pos/elbow_Left", "dof_pos/wristYaw_Left", "dof_pos/wristPitch_Left", "dof_pos/wristRoll_Left", "dof_pos/L_index_MCP_joint", "dof_pos/L_index_DIP_joint", "dof_pos/L_middle_MCP_joint", "dof_pos/L_middle_DIP_joint", "dof_pos/L_pinky_MCP_joint", "dof_pos/L_pinky_DIP_joint", "dof_pos/L_ring_MCP_joint", "dof_pos/L_ring_DIP_joint", "dof_pos/L_thumb_MCP_joint1", "dof_pos/L_thumb_proximal", "dof_pos/L_thumb_PIP_joint", "dof_pos/L_thumb_DIP_joint", "dof_pos/shoulderPitch_Right", "dof_pos/shoulderRoll_Right", "dof_pos/shoulderYaw_Right", "dof_pos/elbow_Right", "dof_pos/wristYaw_Right", "dof_pos/wristPitch_Right", "dof_pos/wristRoll_Right", "dof_pos/R_index_MCP_joint", "dof_pos/R_index_DIP_joint", "dof_pos/R_middle_MCP_joint", "dof_pos/R_middle_DIP_joint", "dof_pos/R_pinky_MCP_joint", "dof_pos/R_pinky_DIP_joint", "dof_pos/R_ring_MCP_joint", "dof_pos/R_ring_DIP_joint", "dof_pos/R_thumb_MCP_joint1", "dof_pos/R_thumb_proximal", "dof_pos/R_thumb_PIP_joint", "dof_pos/R_thumb_DIP_joint", "root_vel_body/x", "root_vel_body/y", "root_vel_body/z", "root_ang_vel_body/x", "root_ang_vel_body/y", "root_ang_vel_body/z", "dof_vel/hipPitch_Left", "dof_vel/hipRoll_Left", "dof_vel/hipYaw_Left", "dof_vel/kneePitch_Left", "dof_vel/anklePitch_Left", "dof_vel/ankleRoll_Left", "dof_vel/hipPitch_Right", "dof_vel/hipRoll_Right", "dof_vel/hipYaw_Right", "dof_vel/kneePitch_Right", "dof_vel/anklePitch_Right", "dof_vel/ankleRoll_Right", "dof_vel/waistRoll", "dof_vel/waistPitch", "dof_vel/waistYaw", "dof_vel/shoulderPitch_Left", "dof_vel/shoulderRoll_Left", "dof_vel/shoulderYaw_Left", "dof_vel/elbow_Left", "dof_vel/wristYaw_Left", "dof_vel/wristPitch_Left", "dof_vel/wristRoll_Left", "dof_vel/L_index_MCP_joint", "dof_vel/L_index_DIP_joint", "dof_vel/L_middle_MCP_joint", "dof_vel/L_middle_DIP_joint", "dof_vel/L_pinky_MCP_joint", "dof_vel/L_pinky_DIP_joint", "dof_vel/L_ring_MCP_joint", "dof_vel/L_ring_DIP_joint", "dof_vel/L_thumb_MCP_joint1", "dof_vel/L_thumb_proximal", "dof_vel/L_thumb_PIP_joint", "dof_vel/L_thumb_DIP_joint", "dof_vel/shoulderPitch_Right", "dof_vel/shoulderRoll_Right", "dof_vel/shoulderYaw_Right", "dof_vel/elbow_Right", "dof_vel/wristYaw_Right", "dof_vel/wristPitch_Right", "dof_vel/wristRoll_Right", "dof_vel/R_index_MCP_joint", "dof_vel/R_index_DIP_joint", "dof_vel/R_middle_MCP_joint", "dof_vel/R_middle_DIP_joint", "dof_vel/R_pinky_MCP_joint", "dof_vel/R_pinky_DIP_joint", "dof_vel/R_ring_MCP_joint", "dof_vel/R_ring_DIP_joint", "dof_vel/R_thumb_MCP_joint1", "dof_vel/R_thumb_proximal", "dof_vel/R_thumb_PIP_joint", "dof_vel/R_thumb_DIP_joint", "EE_L_foot/pos_x", "EE_L_foot/pos_y", "EE_L_foot/pos_z", "EE_L_foot/vel_local_x", "EE_L_foot/vel_local_y", "EE_L_foot/vel_local_z", "EE_L_foot/vel_local_norm", "EE_R_foot/pos_x", "EE_R_foot/pos_y", "EE_R_foot/pos_z", "EE_R_foot/vel_local_x", "EE_R_foot/vel_local_y", "EE_R_foot/vel_local_z", "EE_R_foot/vel_local_norm", "EE_L_hand_symbol/pos_x", "EE_L_hand_symbol/pos_y", "EE_L_hand_symbol/pos_z", "EE_L_hand_symbol/vel_local_x", "EE_L_hand_symbol/vel_local_y", "EE_L_hand_symbol/vel_local_z", "EE_L_hand_symbol/vel_local_norm", "EE_L_hand/pos_x", "EE_L_hand/pos_y", "EE_L_hand/pos_z", "EE_L_hand/vel_local_x", "EE_L_hand/vel_local_y", "EE_L_hand/vel_local_z", "EE_L_hand/vel_local_norm", "EE_R_hand_symbol/pos_x", "EE_R_hand_symbol/pos_y", "EE_R_hand_symbol/pos_z", "EE_R_hand_symbol/vel_local_x", "EE_R_hand_symbol/vel_local_y", "EE_R_hand_symbol/vel_local_z", "EE_R_hand_symbol/vel_local_norm", "EE_R_hand/pos_x", "EE_R_hand/pos_y", "EE_R_hand/pos_z", "EE_R_hand/vel_local_x", "EE_R_hand/vel_local_y", "EE_R_hand/vel_local_z", "EE_R_hand/vel_local_norm", "torso/pos_x", "torso/pos_y", "torso/pos_z", "torso_quat/x", "torso_quat/y", "torso_quat/z", "torso_quat/w", "torso/vel_local_x", "torso/vel_local_y", "torso/vel_local_z", "torso/vel_local_norm", "torso/ang_vel_local_x", "torso/ang_vel_local_y", "torso/ang_vel_local_z", "torso/ang_vel_local_norm"], "result": [[2.1268476176745312], [2.6344846294955317], [1.0470606650605703], [0.02403307930859474], [0.03159769993888393], [-0.6254236186628215], [0.7792748511765414], [-0.014168811428462238], [0.10342578224120261], [-0.264189022865986], [0.005798762203243511], [-0.10618995913571025], [3.432316605612767e-18], [0.03666843482373156], [-0.03377289325149168], [-0.29028901290407155], [-0.014379849283644518], [-0.0685833586155353], [3.432316605612767e-18], [0.012247651564695606], [-0.012121865591222135], [-0.09595711313268111], [-0.014876234275293531], [0.06639886783559196], [-0.3918473703546924], [-0.23628420304501993], [-0.020375718183059534], [-0.2962462855439417], [0.1067058965740953], [0.4545366116816364], [0.4545366116816364], [0.5172913379340388], [0.5172913379340388], [0.4132890414150637], [0.4132890414150637], [0.472538652212995], [0.472538652212995], [0.08408488163225858], [0.41947723807771253], [0.41947723807771253], [0.41947723807771253], [-0.046329599592940925], [-0.12876062596920176], [0.29674241111978766], [-0.2266289342499511], [0.026022609716853263], [-0.19643641330490827], [0.10477351941143526], [0.28973375218041636], [0.28973375218041636], [0.2993786563623803], [0.2993786563623803], [0.344175681333886], [0.344175681333886], [0.31713600761790867], [0.31713600761790867], [0.08408488163225858], [0.36477399813446637], [0.36477399813446637], [0.36477399813446637], [6.492250237387857e-05], [0.8992572092948832], [0.05375716543106157], [0.012567390329697881], [0.016523085683431905], [-0.3270468439030581], [-0.00014168811428462238], [0.001034257822412026], [-0.0026418902286598597], [5.7987622032435115e-05], [-0.0010618995913571024], [3.432316605612767e-20], [0.0003666843482373156], [-0.0003377289325149168], [-0.0029028901290407156], [-0.00014379849283644518], [-0.000685833586155353], [3.432316605612767e-20], [0.00012247651564695607], [-0.00012121865591222135], [-0.0009595711313268112], [-0.0001487623427529353], [0.0006639886783559195], [-0.003918473703546924], [-0.002362842030450199], [-0.00020375718183059533], [-0.002962462855439417], [0.001067058965740953], [0.004545366116816364], [0.004545366116816364], [0.005172913379340388], [0.005172913379340388], [0.004132890414150637], [0.004132890414150637], [0.00472538652212995], [0.00472538652212995], [0.0008408488163225859], [0.004194772380777125], [0.004194772380777125], [0.004194772380777125], [-0.0004632959959294092], [-0.0012876062596920176], [0.0029674241111978766], [-0.002266289342499511], [0.0002602260971685326], [-0.0019643641330490827], [0.0010477351941143526], [0.0028973375218041635], [0.0028973375218041635], [0.002993786563623803], [0.002993786563623803], [0.00344175681333886], [0.00344175681333886], [0.0031713600761790867], [0.0031713600761790867], [0.0008408488163225859], [0.0036477399813446636], [0.0036477399813446636], [0.0036477399813446636], [2.309947038815809], [2.728957046223239], [0.18467389340048995], [-0.18212228458029123], [0.890280567679994], [-0.020179542887084314], [0.9089418186443445], [1.9693312628878061], [2.6598285967436497], [0.18373209470222807], [-0.2942706489039629], [0.8548366543651619], [0.10551151826025458], [0.9102052520932664], [2.3880582571475397], [2.564656944096041], [0.8447204531351319], [-0.312127693332363], [0.7978112485096353], [0.07946794208376058], [0.8603729650637056], [2.3880582571475397], [2.564656944096041], [0.8447204531351319], [-0.312127693332363], [0.7978112485096353], [0.07946794208376058], [0.8603729650637056], [1.8656520507420757], [2.5019382254351865], [0.8412552225782883], [0.1715885618787804], [0.8619912016771574], [0.010728188521155854], [0.8789690326543953], [1.8656520507420757], [2.5019382254351865], [0.8412552225782883], [0.1715885618787804], [0.8619912016771574], [0.010728188521155854], [0.8789690326543953], [2.129002519807307], [2.621240455880408], [1.2235483237720186], [0.023878482742594617], [0.024217597141285355], [-0.662422143476424], [0.7483583565930922], [-0.08290236365340556], [0.8939875313660224], [0.042725876001847296], [0.8988392562729788], [0.007494751240795476], [0.013173847998839985], [-0.3283140302037158], [0.32866369436836856]]}, "BoneMaps": {"Hips": [[0.9560128559551433, 0.02121257094789207, 0.29255673993649706, 2.125174560546875], [0.2932935777742644, -0.08367371632699414, -0.9523537086778227, 2.641262164798756], [0.0042774390541802055, 0.996267401870508, -0.08621465934124786, 0.9661669550528472], [0.0, 0.0, 0.0, 1.0]], "RightUpLeg": [[0.9915001558943515, 0.07330612309326218, -0.1074879210819157, 2.0208270263671877], [-0.1000088985826325, -0.09902587323013673, -0.9900465123595453, 2.618143573473745], [-0.08322055674991248, 0.9923810199454876, -0.09085290411533482, 0.9665425491350751], [0.0, 0.0, 0.0, 1.0]], "RightLeg": [[0.9884280849379925, 0.045057895466600315, -0.1448437329052717, 1.9879341125488281], [-0.1407826913026074, -0.08305191187399645, -0.9865508672965985, 2.6642962419403196], [-0.05648145479188332, 0.9955260749926125, -0.07574747041583368, 0.5195013066456354], [0.0, 0.0, 0.0, 1.0]], "RightFoot": [[0.9987526944661432, 0.01678662306721978, -0.04702408513323527, 1.9697117614746094], [-0.04680570637559092, -0.013173409087927579, -0.9988171439976818, 2.7076559403812994], [-0.01738623441981171, 0.9997723093679897, -0.012371268071550437, 0.10164226923430661], [0.0, 0.0, 0.0, 1.0]], "LeftUpLeg": [[0.9953094610652337, -0.09159579871222932, 0.03113336429464365, 2.2295489501953125], [0.023052704767871073, -0.08799226560021915, -0.9958543738907952, 2.6644619328800427], [0.0939555720376371, 0.9919009884322181, -0.08546800354677266, 0.965826532482957], [0.0, 0.0, 0.0, 1.0]], "LeftLeg": [[0.9946371590351147, -0.07686685485056323, 0.06919832723367185, 2.2706808471679687], [0.061808916237354426, -0.09467242355466955, -0.9935878371295871, 2.7025387346505254], [0.08292514540306584, 0.9925364571861678, -0.08941365341049827, 0.5187137640667796], [0.0, 0.0, 0.0, 1.0]], "LeftFoot": [[0.9987709774631935, -0.019044948242985943, -0.04575832736933078, 2.3022834777832033], [-0.045595263424766136, 0.008910201519386433, -0.9989202572088084, 2.734002986328023], [0.019432100515462757, 0.9997789246905077, 0.008030891248861638, 0.10053761035179286], [0.0, 0.0, 0.0, 1.0]], "Spine": [[0.963630781163299, 0.01792986616792551, 0.26663502675719547, 2.1268487548828126], [0.26721584269009513, -0.07726019428517761, -0.960534515670541, 2.6344860382158815], [0.0033780186548485, 0.9968497290355346, -0.0792414456692368, 1.0470611960896614], [0.0, 0.0, 0.0, 1.0]], "Spine1": [[0.9705496731598913, 0.014052769535488062, 0.24049085553843977, 2.130045166015625], [0.2408756689299326, -0.071110775244214, -0.9679474003073341, 2.6205745923932366], [0.0034991494374889565, 0.9973694287036029, -0.07240150993359724, 1.2262905503399715], [0.0, 0.0, 0.0, 1.0]], "Spine2": [[0.9932026145547853, 0.009804280319921753, 0.11598466505942516, 2.131841583251953], [0.1163824242512617, -0.06718468431404359, -0.9909295381201549, 2.6114144305807527], [-0.0019229578617330266, 0.9976923845960901, -0.06786905003041739, 1.3535453411993341], [0.0, 0.0, 0.0, 1.0]], "Neck": [[0.9932071476939042, 0.00649649580001244, 0.11617812751141993, 2.13370361328125], [0.11635282150683757, -0.04465379125081168, -0.9922036382992803, 2.598529595573606], [-0.001258052915163208, 0.998981398460077, -0.04510635025817645, 1.5445022192982298], [0.0, 0.0, 0.0, 1.0]], "Neck1": [[0.9932092487851334, 0.002719745096334363, 0.1163098925899337, 2.133978271484375], [0.11634029560705515, -0.018328878016750504, -0.9930402750385867, 2.596627433073242], [-0.0005689865850764756, 0.9998283128703948, -0.01852082711457449, 1.5869587316662555], [0.0, 0.0, 0.0, 1.0]], "Head": [[0.9999992923297573, 3.3600557296224403e-05, 0.0011892060323241927, 2.1340957641601563], [0.0011891675671482282, 0.0011225012766552364, -0.9999986629347977, 2.5958510640283214], [-3.493539765957848e-05, 0.9999993694307453, 0.001122460525601511, 1.62945156000146], [0.0, 0.0, 0.0, 1.0]], "RightShoulder": [[0.9871736242111567, -0.06956177285047757, 0.14369897501272721, 2.1043547058105467], [0.13758112722973662, -0.08595348260859181, -0.9867539877080059, 2.599033443315935], [0.08099178410187617, 0.9938677772145322, -0.07528062381942661, 1.486680106283144], [0.0, 0.0, 0.0, 1.0]], "RightArm": [[0.12631819252336207, -0.9708153314805468, 0.203865902985141, 1.9454145812988282], [-0.006884049419838849, -0.20636504346626794, -0.9784508565578306, 2.5768908047260424], [0.991965888577434, 0.12219272072215086, -0.03275080001011334, 1.4736339932547118], [0.0, 0.0, 0.0, 1.0]], "RightForeArm": [[0.02877247276718997, -0.9459144813719025, 0.3231376467417351, 1.91003662109375], [0.19682301523549448, -0.3115814592320166, -0.9296115828325598, 2.578856454074059], [0.9800167577569641, 0.09034814991892458, 0.17721277132802224, 1.1958806211482498], [0.0, 0.0, 0.0, 1.0]], "RightHand": [[-0.15882287028277586, -0.8643965033606706, 0.47706810923911713, 1.9025413513183593], [0.2204644636948329, -0.502050422760734, -0.8362659823605884, 2.5277733963651734], [0.9623776369611317, -0.027641598789043837, 0.27030580070264, 0.9410552557561581], [0.0, 0.0, 0.0, 1.0]], "RightHandThumb1": [[-0.23181808051208952, -0.6818495886461025, 0.6937878033021563, 1.9218150329589845], [0.8585314450009962, -0.4787468145010009, -0.18364434527000276, 2.504878041651983], [0.45736652205008854, 0.5530665656756755, 0.6963714802025724, 0.9293553493598625], [0.0, 0.0, 0.0, 1.0]], "RightHandThumb2": [[-0.5518460864390002, -0.4627359355029066, 0.6937876842926871, 1.9307904052734375], [0.4857247869762375, -0.8546029449400686, -0.18364432421573154, 2.4716378385686046], [0.6778918263254466, 0.23564647354461635, 0.6963716043228205, 0.9116472943180198], [0.0, 0.0, 0.0, 1.0]], "RightHandThumb3": [[-0.6276799301688154, -0.35309577642416656, 0.6937876317250737, 1.9456365966796876], [0.31988871172787475, -0.9294869341233707, -0.18364436120670669, 2.458570517588432], [0.7097105870510552, 0.10666495190714449, 0.6963716469402638, 0.8934101416472198], [0.0, 0.0, 0.0, 1.0]], "RightInHandIndex": [[-0.15882287028277586, -0.8643965033606706, 0.47706810923911713, 1.9132276916503907], [0.2204644636948329, -0.502050422760734, -0.8362659823605884, 2.500221212493102], [0.9623776369611317, -0.027641598789043837, 0.27030580070264, 0.9139107843369702], [0.0, 0.0, 0.0, 1.0]], "RightHandIndex1": [[-0.5672743823377528, -0.708552506198482, 0.41970599364694716, 1.9277807617187501], [0.22182735659034436, -0.6222752047573358, -0.7507104591068104, 2.479822807692798], [0.7930904103640787, -0.3327565408884806, 0.5101771118782892, 0.8639897476787259], [0.0, 0.0, 0.0, 1.0]], "RightHandIndex2": [[-0.7506834333272057, -0.5102169744913865, 0.41970587542817994, 1.9493705749511718], [0.028861574191903515, -0.6600005925919646, -0.750710481686131, 2.4713802736117993], [0.6600313571817972, -0.551432549564417, 0.5101771759081779, 0.8338055737257065], [0.0, 0.0, 0.0, 1.0]], "RightHandIndex3": [[-0.8402471492699213, -0.34326625440166747, 0.4197058573963683, 1.965567626953125], [-0.10877800761315892, -0.6516142344681982, -0.7507104864714076, 2.4707575630526573], [0.5311798878002469, -0.6764371131357857, 0.5101771837009604, 0.8195644695725104], [0.0, 0.0, 0.0, 1.0]], "RightInHandMiddle": [[-0.15882287028277586, -0.8643965033606706, 0.47706810923911713, 1.9072822570800783], [0.2204644636948329, -0.502050422760734, -0.8362659823605884, 2.510544088691576], [0.9623776369611317, -0.027641598789043837, 0.27030580070264, 0.9088340330792131], [0.0, 0.0, 0.0, 1.0]], "RightHandMiddle1": [[-0.43611460114449296, -0.7630269736427253, 0.4770680162851033, 1.9182603454589844], [0.041765906560085664, -0.5467309842235859, -0.8362660102737198, 2.49623027868432], [0.898921389064581, -0.34478263933025083, 0.27030587840199227, 0.8573920005931849], [0.0, 0.0, 0.0, 1.0]], "RightHandMiddle2": [[-0.6641905484374355, -0.5755492724982305, 0.4770680772103032, 1.9363703918457031], [-0.14164601320465273, -0.5297128385978229, -0.8362659359126534, 2.494495966351156], [0.7340213364130547, -0.6230147217774196, 0.27030600093042617, 0.820063509306438], [0.0, 0.0, 0.0, 1.0]], "RightHandMiddle3": [[-0.7757738455360053, -0.41301466717883795, 0.4770679461852709, 1.9536599731445312], [-0.2561593638479554, -0.48481081474511, -0.8362660188117148, 2.4981831009754307], [0.5766778311113497, -0.7709587269117189, 0.27030597570785153, 0.8009560723338187], [0.0, 0.0, 0.0, 1.0]], "RightInHandRing": [[-0.15882287028277586, -0.8643965033606706, 0.47706810923911713, 1.9026260375976562], [0.2204644636948329, -0.502050422760734, -0.8362659823605884, 2.5182664093512157], [0.9623776369611317, -0.027641598789043837, 0.27030580070264, 0.9064776949157898], [0.0, 0.0, 0.0, 1.0]], "RightHandRing1": [[-0.37171047087683395, -0.7838525385369605, 0.4973997624342888, 1.9081640625], [-0.10852877116105399, -0.49542473744279536, -0.8618444380281228, 2.5118508535990642], [0.9219830972804205, -0.3743387868748075, 0.09908400966000386, 0.8582253600406302], [0.0, 0.0, 0.0, 1.0]], "RightHandRing2": [[-0.6227461183718237, -0.6039708255024971, 0.49739975270868214, 1.9216162109375001], [-0.27520259346231435, -0.42601372887554634, -0.8618444380287956, 2.5157784673622463], [0.7324280200841877, -0.6735959803557213, 0.0990840584764909, 0.8248588898753976], [0.0, 0.0, 0.0, 1.0]], "RightHandRing3": [[-0.7477423131703456, -0.43985795022511404, 0.49739965492390736, 1.9372540283203126], [-0.36800755930105117, -0.348990692340595, -0.8618444946490739, 2.522689173732597], [0.5526770027710084, -0.8274844290277582, 0.09908405686416943, 0.806466785074935], [0.0, 0.0, 0.0, 1.0]], "RightInHandPinky": [[-0.15882287028277586, -0.8643965033606706, 0.47706810923911713, 1.8975216674804687], [0.2204644636948329, -0.502050422760734, -0.8362659823605884, 2.5285349640807158], [0.9623776369611317, -0.027641598789043837, 0.27030580070264, 0.9055168494173769], [0.0, 0.0, 0.0, 1.0]], "RightHandPinky1": [[-0.23926558008853394, -0.8307389461609878, 0.5026179319485413, 1.8991676330566407], [-0.2221105949916887, -0.457098342009153, -0.8612363144485509, 2.528641319807277], [0.9452083716183097, -0.3177009742884262, -0.07514802165625833, 0.8605218085284712], [0.0, 0.0, 0.0, 1.0]], "RightHandPinky2": [[-0.5734294652142569, -0.646957408068715, 0.502617907131354, 1.906102752685547], [-0.39717609540603105, -0.31705383271221743, -0.8612363301675763, 2.5350791566981843], [0.7165401577456163, -0.6934861060666646, -0.07514800749444127, 0.8331251108118309], [0.0, 0.0, 0.0, 1.0]], "RightHandPinky3": [[-0.7373123844734151, -0.45138207428917143, 0.5026178177427975, 1.9166038513183594], [-0.4724304992003939, -0.1873000688431839, -0.8612363831356681, 2.542352564254181], [0.48288701693811825, -0.8724522377882614, -0.07514799831573986, 0.8200032391815194], [0.0, 0.0, 0.0, 1.0]], "LeftShoulder": [[0.993222667668697, 0.06234420733635364, 0.09809144835651487, 2.161951446533203], [0.10426742504554455, -0.10505899486999065, -0.9889847883922588, 2.6058498495701103], [-0.05135208373034977, 0.9925098525498429, -0.1108474451128312, 1.4865845865615674], [0.0, 0.0, 0.0, 1.0]], "LeftArm": [[0.06311330319396069, 0.9897795269359928, -0.12787962706510203, 2.3218899536132813], [0.0615509545894239, -0.1317515148812892, -0.9893700108228559, 2.622653133622741], [-0.996106515865186, 0.05457129634567853, -0.06923714802094519, 1.4783207323155936], [0.0, 0.0, 0.0, 1.0]], "LeftForeArm": [[-0.002587759592154626, 0.9667364033459623, -0.25576166629502156, 2.3396615600585937], [-0.1646512756198514, -0.2526837197467197, -0.9534363613853412, 2.6398574304817792], [-0.9863484480329713, 0.03964422052045015, 0.15982826671861577, 1.1994215784045308], [0.0, 0.0, 0.0, 1.0]], "LeftHand": [[0.005666698276421522, 0.9559476592480693, -0.2934824718936052, 2.339152374267578], [-0.3875270614768933, -0.2684535096451573, -0.8819044674919633, 2.59681270291809], [-0.921840910978532, 0.11872988645380891, 0.3689343422737134, 0.9430617895356808], [0.0, 0.0, 0.0, 1.0]], "LeftHandThumb1": [[-0.041740250293920145, 0.5843421289688268, -0.8104332346452606, 2.3272438049316406], [-0.9015792215231765, -0.3716065449555657, -0.22150278342235805, 2.5684014484348037], [-0.43059570228123023, 0.7214241831671346, 0.5423416719362145, 0.9339216973514026], [0.0, 0.0, 0.0, 1.0]], "LeftHandThumb2": [[-0.3720329370604145, 0.4525367518628832, -0.8104332063505252, 2.325627746582031], [-0.5205294567938826, -0.8246123656120745, -0.22150289183106817, 2.5334945277768237], [-0.7685314426567522, 0.33944798525407566, 0.5423416699414512, 0.9172500954837758], [0.0, 0.0, 0.0, 1.0]], "LeftHandThumb3": [[-0.46307637648385813, 0.358829115861769, -0.8104331774751333, 2.3156190490722657], [-0.3248258722260442, -0.9194697402673463, -0.22150293331080353, 2.5194909276063635], [-0.824650484917805, 0.16067688801617216, 0.5423416961494564, 0.8965745119859168], [0.0, 0.0, 0.0, 1.0]], "LeftInHandIndex": [[0.005666698276421522, 0.9559476592480693, -0.2934824718936052, 2.3383497619628906], [-0.3875270614768933, -0.2684535096451573, -0.8819044674919633, 2.563897359682391], [-0.921840910978532, 0.11872988645380891, 0.3689343422737134, 0.9201253867297179], [0.0, 0.0, 0.0, 1.0]], "LeftHandIndex1": [[-0.5773781073893076, 0.765139634114281, -0.28494887508990935, 2.334660339355469], [-0.3608755338767719, -0.5522082113697331, -0.7515550148492103, 2.533631858798463], [-0.7323956377236943, -0.3311003346469234, 0.5949531059167605, 0.8733238564761068], [0.0, 0.0, 0.0, 1.0]], "LeftHandIndex2": [[-0.8607407227609034, 0.42181689110420056, -0.2849489753626503, 2.312686004638672], [-0.07251758975206124, -0.6556723606301543, -0.7515550243875924, 2.519897271393837], [-0.5038517712160884, -0.6262302019903456, 0.5949530458427311, 0.845449634073991], [0.0, 0.0, 0.0, 1.0]], "LeftHandIndex3": [[-0.950751792708832, 0.12196355447673088, -0.284948977959815, 2.2941143798828127], [0.14262616652561055, -0.644067411788958, -0.7515550184076236, 2.5183326356385702], [-0.2751886721563056, -0.7551834614521665, 0.5949530521528359, 0.8345782808561845], [0.0, 0.0, 0.0, 1.0]], "LeftInHandMiddle": [[0.005666698276421522, 0.9559476592480693, -0.2934824718936052, 2.342220458984375], [-0.3875270614768933, -0.2684535096451573, -0.8819044674919633, 2.5745507413037503], [-0.921840910978532, 0.11872988645380891, 0.3689343422737134, 0.9138637905157045], [0.0, 0.0, 0.0, 1.0]], "LeftHandMiddle1": [[-0.4514253010916762, 0.8426643361167432, -0.29348256195422906, 2.3407171630859374], [-0.21233733272736127, -0.4209007128532701, -0.8819044432645982, 2.550791282998131], [-0.8666764417385078, -0.33579667442745464, 0.36893432854499053, 0.8648239487789033], [0.0, 0.0, 0.0, 1.0]], "LeftHandMiddle2": [[-0.8631077407321006, 0.41099027693824336, -0.29348257214109946, 2.3219712829589843], [0.07852798995224072, -0.464841817211106, -0.881904439134955, 2.541973840723627], [-0.4988771218269995, -0.7842251444796352, 0.3689343303130066, 0.8288344159227775], [0.0, 0.0, 0.0, 1.0]], "LeftHandMiddle3": [[-0.9557377951882542, 0.020814147477985045, -0.2934826027441132, 2.2995036315917967], [0.2622790969307132, -0.3917322818076918, -0.8819044702817593, 2.5440180612619825], [-0.13332269934975066, -0.9198437860063552, 0.36893423151503874, 0.815848042110766], [0.0, 0.0, 0.0, 1.0]], "LeftInHandRing": [[0.005666698276421522, 0.9559476592480693, -0.2934824718936052, 2.3451571655273438], [-0.3875270614768933, -0.2684535096451573, -0.8819044674919633, 2.5827770598052324], [-0.921840910978532, 0.11872988645380891, 0.3689343422737134, 0.9106127532776321], [0.0, 0.0, 0.0, 1.0]], "LeftHandRing1": [[-0.3990494566403451, 0.8705128484973862, -0.28803977460762514, 2.3466889953613284], [-0.07564817120172329, -0.34431991226576636, -0.9357997393732975, 2.5683959583356337], [-0.9138035266669096, -0.35164069533866754, 0.20325337889653552, 0.863805120202725], [0.0, 0.0, 0.0, 1.0]], "LeftHandRing2": [[-0.8004395855981579, 0.5256705220314005, -0.2880398793130638, 2.332247467041016], [0.1187659646092503, -0.33192399156070856, -0.9357997165402664, 2.5656582278475955], [-0.5875296719808154, -0.7832604714229127, 0.20325333563923256, 0.8307346702539534], [0.0, 0.0, 0.0, 1.0]], "LeftHandRing3": [[-0.9369366593280235, 0.19794623001898592, -0.2880399042294568, 2.312147521972656], [0.23152476978593267, -0.2658480318998247, -0.9357997141004921, 2.568640711402651], [-0.2618128671070523, -0.9434734304453215, 0.2032533115620125, 0.8159810998276813], [0.0, 0.0, 0.0, 1.0]], "LeftInHandPinky": [[0.005666698276421522, 0.9559476592480693, -0.2934824718936052, 2.3477711486816406], [-0.3875270614768933, -0.2684535096451573, -0.8819044674919633, 2.593752401701141], [-0.921840910978532, 0.11872988645380891, 0.3689343422737134, 0.9083471287573794], [0.0, 0.0, 0.0, 1.0]], "LeftHandPinky1": [[-0.23417945883237334, 0.9328283740140632, -0.2738452221515941, 2.3511607360839846], [0.03498006511095068, -0.27341060075348517, -0.9612611707753798, 2.58705379524327], [-0.9715638816391913, -0.23468674446993762, 0.031396749263131025, 0.8639521394509021], [0.0, 0.0, 0.0, 1.0]], "LeftHandPinky2": [[-0.6764551725794106, 0.6836791727486285, -0.27384519028150006, 2.344373016357422], [0.16929847150171703, -0.21752004468766772, -0.9612611807964885, 2.5880675904195227], [-0.7167610669098479, -0.6966116700923312, 0.03139672042477616, 0.8357915102227556], [0.0, 0.0, 0.0, 1.0]], "LeftHandPinky3": [[-0.872211788547689, 0.40528435180648215, -0.27384519367562526, 2.3319851684570314], [0.23445571977717772, -0.1449395002435066, -0.9612611802902112, 2.5911678717549935], [-0.42927509988608364, -0.9026279053131271, 0.03139670632138141, 0.8226655948309294], [0.0, 0.0, 0.0, 1.0]]}}