{"git_commit": "5ad0ba11e2bc4fb46e1db7e26ee38cb095c3c02b", "in": {"param": {"q0": [[0.0, 0.0, 0.0, 0.0, 0.0, 0.0, 1.0, 0.0, 0.0, 0.0, 0.0, 0.0, 0.0, 0.0, 0.0, 0.0, 0.0, 0.0, 0.0, 0.0, 0.0, 0.0, 0.0, 0.0, 0.0, 0.0, 0.0, 0.0, 0.0, 0.0, 0.0, 0.0, 0.0, 0.0, 0.0, 0.0, 0.0, 0.0, 0.0, 0.0, 0.0, 0.0, 0.0, 0.0, 0.0, 0.0, 0.0, 0.0, 0.0, 0.0, 0.0, 0.0, 0.0, 0.0, 0.0, 0.0, 0.0, 0.0, 0.0, 0.0]], "dq_vel_limit_factor": [100], "dt": [100], "root_dir_z": [0.014902478804886, -0.08635074818210746, 0.9961533369237802], "root_dir_y": [-0.9736186138536724, -0.22810090037610464, 0.006064157424069986], "root_pos": [2.11282, 2.6991199559161902, 1.0085201179822825], "torso_dir": [0.0248393825688, -0.28556945719172744, 0.9580360755218796], "shoulder_dir": [-0.9695760356863738, -0.24248634803180882, -0.03350644775102542], "L_upper_arm_dir": [0.21884992863000008, -0.29518657106659835, -0.9300368571014166], "L_lower_arm_dir": [-0.31670874176999986, -0.8585895073457731, 0.40313913945786134], "L_upper_leg_dir": [0.0708549610086, -0.26116530675359784, -0.96269014431308], "L_lower_leg_dir": [0.09087943229279999, 0.3311771764763054, -0.9391819028277076], "L_foot_dir_front": [-0.037749299422036, -0.9992291428076991, 0.010775544102046971], "L_foot_pos": [2.30276, 2.733119995602678, 0.10059911946846956], "R_upper_arm_dir": [-0.19677438129199998, -0.3572468580864244, -0.913047556034758], "R_lower_arm_dir": [0.3646433067720001, -0.7085787180865384, 0.6041111506790418], "R_upper_leg_dir": [-0.0497413111398, -0.24974043522206463, -0.967034393366983], "R_lower_leg_dir": [-0.015030913760800003, 0.3346592537789949, -0.9422193133283012], "R_foot_dir_front": [-0.0480217411530432, -0.9988426556302087, -0.002694293884091163], "R_foot_pos": [1.96893, 2.709839995624752, 0.10009411845086844], "L_hand_dir_front": [-0.27613816826518406, -0.750354345829509, 0.4888956523586508], "L_hand_dir_outside": [0.8958136588421451, -0.31215935193686006, -0.3163454245444497], "R_hand_dir_front": [0.2772266809299999, -0.6505644701875642, 0.612617533552925], "R_hand_dir_outside": [-0.9524280211916412, -0.2693463990066735, -0.14259516748863782], "L_finger_thumb_palm_dir": [-0.8521484222019999, -0.37754039045524396, 0.36235964558718614], "L_finger_thumb_middle_dir": [-0.351395703908, -0.8734291090624395, -0.33711036526879956], "L_finger_thumb_lower_dir": [0.13101264190999995, -0.7738745412246778, -0.6196399771171318], "L_finger_index_palm_dir": [-0.13213560478098008, -0.8435578346730753, 0.520529654051517], "L_finger_index_upper_dir": [-0.52089761921352, -0.8473717436994865, 0.10308629454340484], "L_finger_index_middle_dir": [-0.5499888528580001, -0.7741561757163624, -0.3133654536894418], "L_finger_index_lower_dir": [-0.51115118881, -0.6383150515812438, -0.5755652789916382], "L_finger_middle_palm_dir": [-0.13213560478098008, -0.8435578346730753, 0.520529654051517], "L_finger_middle_upper_dir": [-0.16082888951712015, -0.8712362658848902, 0.4637713236434543], "L_finger_middle_middle_dir": [-0.18874569305672817, -0.8947208639631022, 0.40478194126780964], "L_finger_middle_lower_dir": [-0.2068432836520162, -0.9079807008823927, 0.3643963648830037], "L_finger_ring_palm_dir": [-0.13213560478098008, -0.8435578346730753, 0.520529654051517], "L_finger_ring_upper_dir": [-0.03396374309607997, -0.9389378748551037, 0.34240737957412265], "L_finger_ring_middle_dir": [-0.09314111302287986, -0.9717886746035128, 0.21668291609136833], "L_finger_ring_lower_dir": [-0.13157203009000007, -0.9827006421472536, 0.13033792688479093], "L_finger_pinky_palm_dir": [-0.13213560478098008, -0.8435578346730753, 0.520529654051517], "L_finger_pinky_upper_dir": [0.041553738028, -0.9925059576191367, 0.11491592684018695], "L_finger_pinky_middle_dir": [-0.17413672297799998, -0.935553137254909, -0.307272162954327], "L_finger_pinky_lower_dir": [-0.29853771294600007, -0.7763644276022971, -0.555098001288568], "R_finger_thumb_palm_dir": [0.8460394366419999, -0.25887526739375355, 0.46605138415420355], "R_finger_thumb_middle_dir": [0.43216864282, -0.8886108646526257, -0.15362989706641483], "R_finger_thumb_lower_dir": [-0.022396561861999786, -0.8811948014225474, -0.4722214305682491], "R_finger_index_palm_dir": [0.13502349200199992, -0.7484867708860168, 0.6492590709026054], "R_finger_index_upper_dir": [0.44606685092999987, -0.8161919429898375, 0.36722320328711777], "R_finger_index_middle_dir": [0.46389839945049993, -0.8807366548269925, 0.09538683171157827], "R_finger_index_lower_dir": [0.45471486928304516, -0.8849303344548094, -0.10065620218803364], "R_finger_middle_palm_dir": [0.13502349200199992, -0.7484867708860168, 0.6492590709026054], "R_finger_middle_upper_dir": [0.2430544423616201, -0.9406340302287706, 0.23692609626158112], "R_finger_middle_middle_dir": [0.298051218516, -0.9266242635795043, -0.22920108208623344], "R_finger_middle_lower_dir": [0.2983804122, -0.8018204081609582, -0.5177379180046842], "R_finger_ring_palm_dir": [0.13502349200199992, -0.7484867708860168, 0.6492590709026054], "R_finger_ring_upper_dir": [0.0942813624067198, -0.9736620299212458, 0.2075899320934813], "R_finger_ring_middle_dir": [0.20186297638800021, -0.9451668484437817, -0.2567344704877556], "R_finger_ring_lower_dir": [0.24911136688399993, -0.80412556246685, -0.5397483910094457], "R_finger_pinky_palm_dir": [0.13502349200199992, -0.7484867708860168, 0.6492590709026054], "R_finger_pinky_upper_dir": [-0.08017638205661992, -0.9682416871803023, 0.23681014867341216], "R_finger_pinky_middle_dir": [0.11506883483600006, -0.9432277944178973, -0.31157931668185695], "R_finger_pinky_lower_dir": [0.22721168876199993, -0.7436256168601086, -0.6288039274549093], "L_finger_thumb_palm_middle_rel_rot": [1.0390477509811074], "L_finger_thumb_middle_lower_rel_rot": [0.5757683656691999], "L_finger_index_palm_upper_rel_rot": [0.5189716650277103], "L_finger_index_upper_middle_rel_rot": [0.42707658299159795], "L_finger_index_middle_lower_rel_rot": [0.2989535282505973], "L_finger_middle_palm_upper_rel_rot": [0.06937430483091177], "L_finger_middle_upper_middle_rel_rot": [0.06937320217644471], "L_finger_middle_middle_lower_rel_rot": [0.046203189898093695], "L_finger_ring_palm_upper_rel_rot": [0.1425425928477865], "L_finger_ring_upper_middle_rel_rot": [0.14290746478350203], "L_finger_ring_middle_lower_rel_rot": [0.0951751302560881], "L_finger_pinky_palm_upper_rel_rot": [0.31815949225566065], "L_finger_pinky_upper_middle_rel_rot": [0.4821596555254846], "L_finger_pinky_middle_lower_rel_rot": [0.3211189214994138], "R_finger_thumb_palm_middle_rel_rot": [1.0191741057671901], "R_finger_thumb_middle_lower_rel_rot": [0.5625314104656519], "R_finger_index_palm_upper_rel_rot": [0.3413335170209068], "R_finger_index_upper_middle_rel_rot": [0.2808849655034497], "R_finger_index_middle_lower_rel_rot": [0.19661938986796587], "R_finger_middle_palm_upper_rel_rot": [0.4719242567995106], "R_finger_middle_upper_middle_rel_rot": [0.4739942288909608], "R_finger_middle_middle_lower_rel_rot": [0.31568088052361515], "R_finger_ring_palm_upper_rel_rot": [0.4726766260165778], "R_finger_ring_upper_middle_rel_rot": [0.48213164455720814], "R_finger_ring_middle_lower_rel_rot": [0.3210993960001202], "R_finger_pinky_palm_upper_rel_rot": [0.39011628273681653], "R_finger_pinky_upper_middle_rel_rot": [0.5912198615379726], "R_finger_pinky_middle_lower_rel_rot": [0.39375276163517575], "L_finger_thumb_joint_1_angle": [0], "L_finger_thumb_joint_2_angle": [1.0390477509811074], "R_finger_thumb_joint_1_angle": [0], "R_finger_thumb_joint_2_angle": [-1.0191741057671901], "L_finger_index_joint_angle": [0.4150005920899685], "L_finger_middle_joint_angle": [0.061650232301816724], "L_finger_ring_joint_angle": [0.12687506262912554], "L_finger_pinky_joint_angle": [0.37381268976018633], "R_finger_index_joint_angle": [0.27294595746410744], "R_finger_middle_joint_angle": [0.4205331220713622], "R_finger_ring_joint_angle": [0.42530255552463536], "R_finger_pinky_joint_angle": [0.45836296863665493], "L_hand_ee_pos": [2.27786, 2.3258899427595003, 1.309510101667881], "R_hand_ee_pos": [1.99105, 2.2597699406818976, 1.3570400987776838], "foot_axis": [1.0, 0.0, 0.0], "left_shoulder_pos": [2.3079, 2.6563899371207307, 1.4385101161144946], "right_shoulder_pos": [1.9404, 2.564479937675865, 1.425810112096981]}, "weight": {"head_dir_weight": 5.0, "root_pos_weight": 100.0, "root_dir_weight": 100.0, "torso_dir_weight": 50.0, "shoulder_dir_weight": 30.0, "upper_arm_weight": 20.0, "L_upper_arm_weight": 20.0, "R_upper_arm_weight": 20.0, "lower_arm_weight": 10.0, "L_lower_arm_weight": 10.0, "R_lower_arm_weight": 10.0, "hand_dir_front_weight": 5.0, "hand_dir_outside_weight": 3.0, "finger_weight": 10.0, "upper_leg_weight": 50.0, "lower_leg_weight": 30.0, "foot_pos_weight": 10.0, "hand_pos_weight": 10.0, "L_hand_pos_weight": 10.0, "R_hand_pos_weight": 10.0, "foot_dir_x_weight": 20.0, "foot_dir_y_weight": 0.0, "joint_vel_cost_weight": 0.0010000000474974513, "default_config_cost_weight": 0.009999999776482582, "finger_turbo_factor": 2.0, "thumb_joint1_turbo_factor": 1.0, "thumb_joint2_turbo_factor": 1.0, "thumb_joint1_turbo_bias": 0.0, "thumb_joint2_turbo_bias": -1.0}}, "out": {"q": [[2.1131620491172116, 2.700850444380459, 0.9959227130743458, 0.027446769942497687, 0.03456863686731382, -0.6230249214368877, 0.7809555886434384, -0.4083192866875137, -0.01867348879689695, -0.5041060375584351, 0.5279398228182464, -0.3050774240418286, 2.607611957660549e-19, -0.3472106788724108, -0.06411479118163742, -0.059988932126849234, 0.5302909927001909, -0.3283101966382713, 2.607611957660549e-19, 0.03523564265059316, 0.19928526326372908, 0.022625646695870274, -0.6433217553760188, 0.17111808868200382, -0.30205328924220753, -1.7604553076642593, -0.9731175589017036, 0.033104281826050797, 0.12997428088445923, 0.8283444656718119, 0.8283444656718119, 0.12306113390433482, 0.12306113390433482, 0.7461333075555178, 0.7461333075555178, 0.25324656540975227, 0.25324656540975227, 0.05886152022709693, 0.30694809323364464, 0.30694809323364464, 0.30694809323364464, -0.5738512414212315, -0.37841811761706806, -0.09266012717628042, -1.947258899817218, 1.2057646719135222, 0.12830761406437696, -0.06777353876305696, 0.5448031422056634, 0.5448031422056634, 0.8393874098435382, 0.8393874098435382, 0.9148958784786385, 0.9148958784786385, 0.8489072113291376, 0.8489072113291376, 0.05886152022709693, 0.29041782025386886, 0.29041782025386886, 0.29041782025386886]], "v": [[-0.0007735708665230139, 0.03723144562590668, 0.009561436291607406, 0.0005928928852619456, 0.0007467362787961285, -0.01345830653423689, -0.004083192866875137, -0.0001867348879689695, -0.005041060375584351, 0.005279398228182464, -0.0030507742404182856, 2.6076119576605487e-21, -0.003472106788724108, -0.0006411479118163741, -0.0005998893212684923, 0.005302909927001908, -0.003283101966382713, 2.6076119576605487e-21, 0.0003523564265059316, 0.001992852632637291, 0.00022625646695870273, -0.006433217553760188, 0.0017111808868200383, -0.0030205328924220753, -0.017604553076642594, -0.009731175589017036, 0.00033104281826050794, 0.0012997428088445922, 0.008283444656718118, 0.008283444656718118, 0.0012306113390433482, 0.0012306113390433482, 0.007461333075555177, 0.007461333075555177, 0.0025324656540975225, 0.0025324656540975225, 0.0005886152022709693, 0.0030694809323364466, 0.0030694809323364466, 0.0030694809323364466, -0.005738512414212315, -0.0037841811761706807, -0.0009266012717628041, -0.01947258899817218, 0.012057646719135222, 0.0012830761406437696, -0.0006777353876305696, 0.0054480314220566334, 0.0054480314220566334, 0.008393874098435382, 0.008393874098435382, 0.009148958784786386, 0.009148958784786386, 0.008489072113291377, 0.008489072113291377, 0.0005886152022709693, 0.002904178202538689, 0.002904178202538689, 0.002904178202538689]]}, "extended": {"labels": ["root_pos/x", "root_pos/y", "root_pos/z", "root_quat/x", "root_quat/y", "root_quat/z", "root_quat/w", "dof_pos/hipPitch_Left", "dof_pos/hipRoll_Left", "dof_pos/hipYaw_Left", "dof_pos/kneePitch_Left", "dof_pos/anklePitch_Left", "dof_pos/ankleRoll_Left", "dof_pos/hipPitch_Right", "dof_pos/hipRoll_Right", "dof_pos/hipYaw_Right", "dof_pos/kneePitch_Right", "dof_pos/anklePitch_Right", "dof_pos/ankleRoll_Right", "dof_pos/waistRoll", "dof_pos/waistPitch", "dof_pos/waistYaw", "dof_pos/shoulderPitch_Left", "dof_pos/shoulderRoll_Left", "dof_pos/shoulderYaw_Left", "dof_pos/elbow_Left", "dof_pos/wristYaw_Left", "dof_pos/wristPitch_Left", "dof_pos/wristRoll_Left", "dof_pos/L_index_MCP_joint", "dof_pos/L_index_DIP_joint", "dof_pos/L_middle_MCP_joint", "dof_pos/L_middle_DIP_joint", "dof_pos/L_pinky_MCP_joint", "dof_pos/L_pinky_DIP_joint", "dof_pos/L_ring_MCP_joint", "dof_pos/L_ring_DIP_joint", "dof_pos/L_thumb_MCP_joint1", "dof_pos/L_thumb_proximal", "dof_pos/L_thumb_PIP_joint", "dof_pos/L_thumb_DIP_joint", "dof_pos/shoulderPitch_Right", "dof_pos/shoulderRoll_Right", "dof_pos/shoulderYaw_Right", "dof_pos/elbow_Right", "dof_pos/wristYaw_Right", "dof_pos/wristPitch_Right", "dof_pos/wristRoll_Right", "dof_pos/R_index_MCP_joint", "dof_pos/R_index_DIP_joint", "dof_pos/R_middle_MCP_joint", "dof_pos/R_middle_DIP_joint", "dof_pos/R_pinky_MCP_joint", "dof_pos/R_pinky_DIP_joint", "dof_pos/R_ring_MCP_joint", "dof_pos/R_ring_DIP_joint", "dof_pos/R_thumb_MCP_joint1", "dof_pos/R_thumb_proximal", "dof_pos/R_thumb_PIP_joint", "dof_pos/R_thumb_DIP_joint", "root_vel_body/x", "root_vel_body/y", "root_vel_body/z", "root_ang_vel_body/x", "root_ang_vel_body/y", "root_ang_vel_body/z", "dof_vel/hipPitch_Left", "dof_vel/hipRoll_Left", "dof_vel/hipYaw_Left", "dof_vel/kneePitch_Left", "dof_vel/anklePitch_Left", "dof_vel/ankleRoll_Left", "dof_vel/hipPitch_Right", "dof_vel/hipRoll_Right", "dof_vel/hipYaw_Right", "dof_vel/kneePitch_Right", "dof_vel/anklePitch_Right", "dof_vel/ankleRoll_Right", "dof_vel/waistRoll", "dof_vel/waistPitch", "dof_vel/waistYaw", "dof_vel/shoulderPitch_Left", "dof_vel/shoulderRoll_Left", "dof_vel/shoulderYaw_Left", "dof_vel/elbow_Left", "dof_vel/wristYaw_Left", "dof_vel/wristPitch_Left", "dof_vel/wristRoll_Left", "dof_vel/L_index_MCP_joint", "dof_vel/L_index_DIP_joint", "dof_vel/L_middle_MCP_joint", "dof_vel/L_middle_DIP_joint", "dof_vel/L_pinky_MCP_joint", "dof_vel/L_pinky_DIP_joint", "dof_vel/L_ring_MCP_joint", "dof_vel/L_ring_DIP_joint", "dof_vel/L_thumb_MCP_joint1", "dof_vel/L_thumb_proximal", "dof_vel/L_thumb_PIP_joint", "dof_vel/L_thumb_DIP_joint", "dof_vel/shoulderPitch_Right", "dof_vel/shoulderRoll_Right", "dof_vel/shoulderYaw_Right", "dof_vel/elbow_Right", "dof_vel/wristYaw_Right", "dof_vel/wristPitch_Right", "dof_vel/wristRoll_Right", "dof_vel/R_index_MCP_joint", "dof_vel/R_index_DIP_joint", "dof_vel/R_middle_MCP_joint", "dof_vel/R_middle_DIP_joint", "dof_vel/R_pinky_MCP_joint", "dof_vel/R_pinky_DIP_joint", "dof_vel/R_ring_MCP_joint", "dof_vel/R_ring_DIP_joint", "dof_vel/R_thumb_MCP_joint1", "dof_vel/R_thumb_proximal", "dof_vel/R_thumb_PIP_joint", "dof_vel/R_thumb_DIP_joint", "torso/pos_x", "torso/pos_y", "torso/pos_z", "torso_quat/x", "torso_quat/y", "torso_quat/z", "torso_quat/w", "torso/vel_local_x", "torso/vel_local_y", "torso/vel_local_z", "torso/vel_local_norm", "torso/ang_vel_local_x", "torso/ang_vel_local_y", "torso/ang_vel_local_z", "torso/ang_vel_local_norm", "torso/pos_x_body", "torso/pos_y_body", "torso/pos_z_body", "torso_quat_body/x", "torso_quat_body/y", "torso_quat_body/z", "torso_quat_body/w", "hipRollLeft/pos_x", "hipRollLeft/pos_y", "hipRollLeft/pos_z", "hipRollLeft_quat/x", "hipRollLeft_quat/y", "hipRollLeft_quat/z", "hipRollLeft_quat/w", "hipRollLeft/vel_local_x", "hipRollLeft/vel_local_y", "hipRollLeft/vel_local_z", "hipRollLeft/vel_local_norm", "hipRollLeft/ang_vel_local_x", "hipRollLeft/ang_vel_local_y", "hipRollLeft/ang_vel_local_z", "hipRollLeft/ang_vel_local_norm", "hipRollLeft/pos_x_body", "hipRollLeft/pos_y_body", "hipRollLeft/pos_z_body", "hipRollLeft_quat_body/x", "hipRollLeft_quat_body/y", "hipRollLeft_quat_body/z", "hipRollLeft_quat_body/w", "anklePitchLeft/pos_x", "anklePitchLeft/pos_y", "anklePitchLeft/pos_z", "anklePitchLeft_quat/x", "anklePitchLeft_quat/y", "anklePitchLeft_quat/z", "anklePitchLeft_quat/w", "anklePitchLeft/vel_local_x", "anklePitchLeft/vel_local_y", "anklePitchLeft/vel_local_z", "anklePitchLeft/vel_local_norm", "anklePitchLeft/ang_vel_local_x", "anklePitchLeft/ang_vel_local_y", "anklePitchLeft/ang_vel_local_z", "anklePitchLeft/ang_vel_local_norm", "anklePitchLeft/pos_x_body", "anklePitchLeft/pos_y_body", "anklePitchLeft/pos_z_body", "anklePitchLeft_quat_body/x", "anklePitchLeft_quat_body/y", "anklePitchLeft_quat_body/z", "anklePitchLeft_quat_body/w", "hipRollRight/pos_x", "hipRollRight/pos_y", "hipRollRight/pos_z", "hipRollRight_quat/x", "hipRollRight_quat/y", "hipRollRight_quat/z", "hipRollRight_quat/w", "hipRollRight/vel_local_x", "hipRollRight/vel_local_y", "hipRollRight/vel_local_z", "hipRollRight/vel_local_norm", "hipRollRight/ang_vel_local_x", "hipRollRight/ang_vel_local_y", "hipRollRight/ang_vel_local_z", "hipRollRight/ang_vel_local_norm", "hipRollRight/pos_x_body", "hipRollRight/pos_y_body", "hipRollRight/pos_z_body", "hipRollRight_quat_body/x", "hipRollRight_quat_body/y", "hipRollRight_quat_body/z", "hipRollRight_quat_body/w", "anklePitchRight/pos_x", "anklePitchRight/pos_y", "anklePitchRight/pos_z", "anklePitchRight_quat/x", "anklePitchRight_quat/y", "anklePitchRight_quat/z", "anklePitchRight_quat/w", "anklePitchRight/vel_local_x", "anklePitchRight/vel_local_y", "anklePitchRight/vel_local_z", "anklePitchRight/vel_local_norm", "anklePitchRight/ang_vel_local_x", "anklePitchRight/ang_vel_local_y", "anklePitchRight/ang_vel_local_z", "anklePitchRight/ang_vel_local_norm", "anklePitchRight/pos_x_body", "anklePitchRight/pos_y_body", "anklePitchRight/pos_z_body", "anklePitchRight_quat_body/x", "anklePitchRight_quat_body/y", "anklePitchRight_quat_body/z", "anklePitchRight_quat_body/w", "shoulderRollLeft/pos_x", "shoulderRollLeft/pos_y", "shoulderRollLeft/pos_z", "shoulderRollLeft_quat/x", "shoulderRollLeft_quat/y", "shoulderRollLeft_quat/z", "shoulderRollLeft_quat/w", "shoulderRollLeft/vel_local_x", "shoulderRollLeft/vel_local_y", "shoulderRollLeft/vel_local_z", "shoulderRollLeft/vel_local_norm", "shoulderRollLeft/ang_vel_local_x", "shoulderRollLeft/ang_vel_local_y", "shoulderRollLeft/ang_vel_local_z", "shoulderRollLeft/ang_vel_local_norm", "shoulderRollLeft/pos_x_body", "shoulderRollLeft/pos_y_body", "shoulderRollLeft/pos_z_body", "shoulderRollLeft_quat_body/x", "shoulderRollLeft_quat_body/y", "shoulderRollLeft_quat_body/z", "shoulderRollLeft_quat_body/w", "elbowLeft/pos_x", "elbowLeft/pos_y", "elbowLeft/pos_z", "elbowLeft_quat/x", "elbowLeft_quat/y", "elbowLeft_quat/z", "elbowLeft_quat/w", "elbowLeft/vel_local_x", "elbowLeft/vel_local_y", "elbowLeft/vel_local_z", "elbowLeft/vel_local_norm", "elbowLeft/ang_vel_local_x", "elbowLeft/ang_vel_local_y", "elbowLeft/ang_vel_local_z", "elbowLeft/ang_vel_local_norm", "elbowLeft/pos_x_body", "elbowLeft/pos_y_body", "elbowLeft/pos_z_body", "elbowLeft_quat_body/x", "elbowLeft_quat_body/y", "elbowLeft_quat_body/z", "elbowLeft_quat_body/w", "EE_L_hand/pos_x", "EE_L_hand/pos_y", "EE_L_hand/pos_z", "EE_L_hand_quat/x", "EE_L_hand_quat/y", "EE_L_hand_quat/z", "EE_L_hand_quat/w", "EE_L_hand/vel_local_x", "EE_L_hand/vel_local_y", "EE_L_hand/vel_local_z", "EE_L_hand/vel_local_norm", "EE_L_hand/ang_vel_local_x", "EE_L_hand/ang_vel_local_y", "EE_L_hand/ang_vel_local_z", "EE_L_hand/ang_vel_local_norm", "EE_L_hand/pos_x_body", "EE_L_hand/pos_y_body", "EE_L_hand/pos_z_body", "EE_L_hand_quat_body/x", "EE_L_hand_quat_body/y", "EE_L_hand_quat_body/z", "EE_L_hand_quat_body/w", "shoulderRollRight/pos_x", "shoulderRollRight/pos_y", "shoulderRollRight/pos_z", "shoulderRollRight_quat/x", "shoulderRollRight_quat/y", "shoulderRollRight_quat/z", "shoulderRollRight_quat/w", "shoulderRollRight/vel_local_x", "shoulderRollRight/vel_local_y", "shoulderRollRight/vel_local_z", "shoulderRollRight/vel_local_norm", "shoulderRollRight/ang_vel_local_x", "shoulderRollRight/ang_vel_local_y", "shoulderRollRight/ang_vel_local_z", "shoulderRollRight/ang_vel_local_norm", "shoulderRollRight/pos_x_body", "shoulderRollRight/pos_y_body", "shoulderRollRight/pos_z_body", "shoulderRollRight_quat_body/x", "shoulderRollRight_quat_body/y", "shoulderRollRight_quat_body/z", "shoulderRollRight_quat_body/w", "elbowRight/pos_x", "elbowRight/pos_y", "elbowRight/pos_z", "elbowRight_quat/x", "elbowRight_quat/y", "elbowRight_quat/z", "elbowRight_quat/w", "elbowRight/vel_local_x", "elbowRight/vel_local_y", "elbowRight/vel_local_z", "elbowRight/vel_local_norm", "elbowRight/ang_vel_local_x", "elbowRight/ang_vel_local_y", "elbowRight/ang_vel_local_z", "elbowRight/ang_vel_local_norm", "elbowRight/pos_x_body", "elbowRight/pos_y_body", "elbowRight/pos_z_body", "elbowRight_quat_body/x", "elbowRight_quat_body/y", "elbowRight_quat_body/z", "elbowRight_quat_body/w", "EE_R_hand/pos_x", "EE_R_hand/pos_y", "EE_R_hand/pos_z", "EE_R_hand_quat/x", "EE_R_hand_quat/y", "EE_R_hand_quat/z", "EE_R_hand_quat/w", "EE_R_hand/vel_local_x", "EE_R_hand/vel_local_y", "EE_R_hand/vel_local_z", "EE_R_hand/vel_local_norm", "EE_R_hand/ang_vel_local_x", "EE_R_hand/ang_vel_local_y", "EE_R_hand/ang_vel_local_z", "EE_R_hand/ang_vel_local_norm", "EE_R_hand/pos_x_body", "EE_R_hand/pos_y_body", "EE_R_hand/pos_z_body", "EE_R_hand_quat_body/x", "EE_R_hand_quat_body/y", "EE_R_hand_quat_body/z", "EE_R_hand_quat_body/w", "EE_L_foot/pos_x", "EE_L_foot/pos_y", "EE_L_foot/pos_z", "EE_L_foot_quat/x", "EE_L_foot_quat/y", "EE_L_foot_quat/z", "EE_L_foot_quat/w", "EE_L_foot/vel_local_x", "EE_L_foot/vel_local_y", "EE_L_foot/vel_local_z", "EE_L_foot/vel_local_norm", "EE_L_foot/ang_vel_local_x", "EE_L_foot/ang_vel_local_y", "EE_L_foot/ang_vel_local_z", "EE_L_foot/ang_vel_local_norm", "EE_L_foot/pos_x_body", "EE_L_foot/pos_y_body", "EE_L_foot/pos_z_body", "EE_L_foot_quat_body/x", "EE_L_foot_quat_body/y", "EE_L_foot_quat_body/z", "EE_L_foot_quat_body/w", "EE_R_foot/pos_x", "EE_R_foot/pos_y", "EE_R_foot/pos_z", "EE_R_foot_quat/x", "EE_R_foot_quat/y", "EE_R_foot_quat/z", "EE_R_foot_quat/w", "EE_R_foot/vel_local_x", "EE_R_foot/vel_local_y", "EE_R_foot/vel_local_z", "EE_R_foot/vel_local_norm", "EE_R_foot/ang_vel_local_x", "EE_R_foot/ang_vel_local_y", "EE_R_foot/ang_vel_local_z", "EE_R_foot/ang_vel_local_norm", "EE_R_foot/pos_x_body", "EE_R_foot/pos_y_body", "EE_R_foot/pos_z_body", "EE_R_foot_quat_body/x", "EE_R_foot_quat_body/y", "EE_R_foot_quat_body/z", "EE_R_foot_quat_body/w"], "result": [[2.1131620491172116], [2.700850444380459], [0.9959227130743458], [0.027446769942497687], [0.03456863686731382], [-0.6230249214368877], [0.7809555886434384], [-0.4083192866875137], [-0.01867348879689695], [-0.5041060375584351], [0.5279398228182464], [-0.3050774240418286], [2.607611957660549e-19], [-0.3472106788724108], [-0.06411479118163742], [-0.059988932126849234], [0.5302909927001909], [-0.3283101966382713], [2.607611957660549e-19], [0.03523564265059316], [0.19928526326372908], [0.022625646695870274], [-0.6433217553760188], [0.17111808868200382], [-0.30205328924220753], [-1.7604553076642593], [-0.9731175589017036], [0.033104281826050797], [0.12997428088445923], [0.8283444656718119], [0.8283444656718119], [0.12306113390433482], [0.12306113390433482], [0.7461333075555178], [0.7461333075555178], [0.25324656540975227], [0.25324656540975227], [0.05886152022709693], [0.30694809323364464], [0.30694809323364464], [0.30694809323364464], [-0.5738512414212315], [-0.37841811761706806], [-0.09266012717628042], [-1.947258899817218], [1.2057646719135222], [0.12830761406437696], [-0.06777353876305696], [0.5448031422056634], [0.5448031422056634], [0.8393874098435382], [0.8393874098435382], [0.9148958784786385], [0.9148958784786385], [0.8489072113291376], [0.8489072113291376], [0.05886152022709693], [0.29041782025386886], [0.29041782025386886], [0.29041782025386886], [-0.0007735708665230139], [0.03723144562590668], [0.009561436291607406], [0.0005928928852619456], [0.0007467362787961285], [-0.01345830653423689], [-0.004083192866875137], [-0.0001867348879689695], [-0.005041060375584351], [0.005279398228182464], [-0.0030507742404182856], [2.6076119576605487e-21], [-0.003472106788724108], [-0.0006411479118163741], [-0.0005998893212684923], [0.005302909927001908], [-0.003283101966382713], [2.6076119576605487e-21], [0.0003523564265059316], [0.001992852632637291], [0.00022625646695870273], [-0.006433217553760188], [0.0017111808868200383], [-0.0030205328924220753], [-0.017604553076642594], [-0.009731175589017036], [0.00033104281826050794], [0.0012997428088445922], [0.008283444656718118], [0.008283444656718118], [0.0012306113390433482], [0.0012306113390433482], [0.007461333075555177], [0.007461333075555177], [0.0025324656540975225], [0.0025324656540975225], [0.0005886152022709693], [0.0030694809323364466], [0.0030694809323364466], [0.0030694809323364466], [-0.005738512414212315], [-0.0037841811761706807], [-0.0009266012717628041], [-0.01947258899817218], [0.012057646719135222], [0.0012830761406437696], [-0.0006777353876305696], [0.0054480314220566334], [0.0054480314220566334], [0.008393874098435382], [0.008393874098435382], [0.009148958784786386], [0.009148958784786386], [0.008489072113291377], [0.008489072113291377], [0.0005886152022709693], [0.002904178202538689], [0.002904178202538689], [0.002904178202538689], [2.114920203283765], [2.674622064398999], [1.1701995954410043], [0.10416138773869577], [0.09992616754661954], [-0.607548914034547], [0.7810566454484825], [-0.0013670060680026324], [0.03729344598142667], [0.007941108354959692], [0.03815404330689941], [0.003644742946998506], [0.0021831125795725736], [-0.01279615501637273], [0.013483015793502], [0.01049234589769558], [-0.004148728075610241], [0.17588675186859615], [0.018653580918876304], [0.09925772058827986], [0.013007102035215342], [0.9948018717911458], [2.2496116920388745], [2.7631899144953325], [0.9171606193821978], [-0.08044085352902632], [-0.09414544896779015], [-0.5247284795023429], [0.8422148931961095], [0.01275509077968799], [0.035743164843859795], [0.007892395576116564], [0.038762818289996934], [-0.0038499292407109214], [-0.0020351563568578486], [-0.010635399187660962], [0.011492411950336593], [-0.02340363161671631], [0.14690567699723667], [-0.08111210811929244], [-0.009142703325788032], [-0.1671563936332964], [0.11473448690276478], [0.9791890259590159], [2.298720674115801], [2.7337199831499768], [0.16346978657339883], [0.025780892769608328], [-0.03439863190205117], [-0.7197878314085367], [0.6928618602921257], [-0.007131876712230716], [0.038200358262627875], [0.006968007319854048], [0.03948017430104787], [0.0011359100398656086], [-0.001412983998474625], [-0.015816560961514344], [0.015920126131658392], [0.08255563559762304], [0.18839423385998647], [-0.8283613127190695], [0.04743020131105877], [-0.0545088061969667], [-0.1286167818445003], [0.9890585874853614], [1.9622299396322647], [2.698184519022427], [0.9184532992910112], [-0.08734592856952382], [-0.05142194847996073], [-0.696924575726214], [0.7099454963063634], [-0.007346368627279981], [0.035857198229751606], [0.013204424151311634], [0.03891098320607342], [-0.003980709349799236], [-0.0014042415239433944], [-0.015176419802081708], [0.015752512789842885], [-0.023978300489748063], [-0.14773632034581802], [-0.0799258384993571], [-0.03157011377640785], [-0.1382471248838496], [-0.10356146851223327], [0.9844623317410798], [1.9694431753772499], [2.6918000793365207], [0.16314770377207927], [-0.012949445314559653], [0.015693395662180396], [-0.7228911631413586], [0.6906622875550462], [-0.011941266477970043], [0.034757294908432365], [0.011654938084948909], [0.038555167957274185], [-0.0006454047896301109], [0.0003794370788227238], [-0.016235840192867307], [0.016253092832060875], [0.05043136533897901], [-0.14196710778558352], [-0.8315968119178576], [-0.013857405089004723], [-0.03952826336722642], [-0.13512445408586424], [0.9899428623043693], [2.3182660394484844], [2.6136086050202816], [1.4496864214954694], [-0.03189127364240734], [-0.1846253151455102], [-0.678491825389535], [0.7103135100450101], [-0.0011189028075581186], [0.036827006277840725], [0.0023575482787622365], [0.03691934951712417], [-0.0030334667904535597], [-0.0064242612861796205], [-0.013759050255902053], [0.015484977164540127], [0.09009889887527865], [0.18050211801716246], [0.46355308463824196], [0.09407923011587525], [-0.20723020875355028], [-0.08336403340291358], [0.9701830636408585], [2.3819464214169344], [2.57639888535022], [1.1940430248663148], [0.6018574515272547], [0.5819630473944623], [0.49244477798354813], [-0.23787551396729126], [0.003980357912660255], [0.035147414670256186], [0.0097691179793247], [0.036696316888889295], [-0.01629299813101957], [-0.024640372429830096], [0.0041307290404139245], [0.029827381111714405], [0.1628752561358885], [0.23437630661220873], [0.2133642076817213], [0.09695222825429556], [0.8511985364933041], [0.24120751387416023], [-0.45593886888357066], [2.295014420791965], [2.2129663951714647], [1.3573762033819547], [0.2507238479321696], [0.8301530520299555], [0.49788901868682384], [-0.009486166481146644], [-0.0159413063865154], [0.02848672295274978], [0.00460930820383098], [0.03296762587772103], [0.012679308544877825], [-0.027452879831002804], [-0.0016827296830744715], [0.03028625192026891], [0.48220320159927693], [0.06883855098330977], [0.40557500228413396], [-0.338352829830904], [0.8185132402696377], [0.36880125535803315], [-0.282026722306693], [1.9413689069101507], [2.5195253129540998], [1.4315336968318981], [-0.20802242223785664], [-0.019188593441927835], [-0.5482024412806424], [0.809834892494735], [0.007608799430047544], [0.030723687222988155], [0.018817907160562926], [0.03682325916110988], [-0.006845626614193704], [0.0010252188903729326], [-0.011424705381004154], [0.013358052648379552], [0.09967113335978176], [-0.20787436563701414], [0.4460969955650565], [-0.15377804215146265], [-0.18762986716740812], [0.06976117338240968], [0.9676160009978716], [1.8723005590295103], [2.450906164531779], [1.185586282442296], [0.6002010287826911], [0.664160237083616], [0.15791344921802428], [-0.41678921181011924], [0.015888387728479808], [0.02982584869045815], [-0.011185875295349403], [0.03559699314323782], [-0.008945599543049056], [-0.019085177498499417], [0.010967890165849667], [0.023760521164822326], [0.1727216300870607], [-0.29041146291787356], [0.20563825200507685], [-0.06092263313544333], [-0.9113618967336651], [0.13382759707577616], [0.3844451849285915], [1.974239757729547], [2.1371584904546808], [1.4267786820979451], [0.8905811453468151], [0.18016934690150643], [-0.044117564786447384], [-0.4152804720513032], [0.033960778711052436], [-0.013083821863451278], [-0.007781391114573097], [0.037216541119421014], [-0.024472283455987], [0.001455424741192152], [0.02029164036696237], [0.031823915339090285], [0.478723724967571], [-0.26077575342576537], [0.47487312999023606], [0.596177521055], [0.708703301663154], [-0.2673428326520771], [-0.2661574786287679], [2.298720674115801], [2.7337199831499768], [0.16346978657339883], [0.025780892769608328], [-0.03439863190205117], [-0.7197878314085367], [0.6928618602921257], [-0.007131876712230716], [0.038200358262627875], [0.006968007319854048], [0.03948017430104787], [0.0011359100398656086], [-0.001412983998474625], [-0.015816560961514344], [0.015920126131658392], [0.08255563559762304], [0.18839423385998647], [-0.8283613127190695], [0.04743020131105877], [-0.0545088061969667], [-0.1286167818445003], [0.9890585874853614], [1.9694431753772499], [2.6918000793365207], [0.16314770377207927], [-0.012949445314559653], [0.015693395662180396], [-0.7228911631413586], [0.6906622875550462], [-0.011941266477970043], [0.034757294908432365], [0.011654938084948909], [0.038555167957274185], [-0.0006454047896301109], [0.0003794370788227238], [-0.016235840192867307], [0.016253092832060875], [0.05043136533897901], [-0.14196710778558352], [-0.8315968119178576], [-0.013857405089004723], [-0.03952826336722642], [-0.13512445408586424], [0.9899428623043693]]}, "BoneMaps": {"Hips": [[0.9453554326828638, -0.009085160737019999, 0.32591495328868203, 2.11373], [0.3260412624104784, 0.027686200854572632, -0.9449500306615323, 2.6971899594364874], [-0.00043832472326378244, 0.9995753768810479, 0.029135437783122355, 0.9279851178979195], [0.0, 0.0, 0.0, 1.0]], "RightUpLeg": [[0.99693897572046, 0.0497413111398, -0.060319820506399995, 2.0040199999999997], [-0.07089113094356576, 0.24974043522206463, -0.9657143281432031, 2.6710699593510756], [-0.03297159889014982, 0.967034393366983, 0.2525021914468065, 0.9299391167561779], [0.0, 0.0, 0.0, 1.0]], "RightLeg": [[0.99106188484544, 0.015030913760800003, -0.13255341857840003, 1.98065], [-0.11993621216765021, -0.3346592537789949, -0.9346755934738524, 2.560119978383582], [-0.05840926430097847, 0.9422193133283012, -0.3298652790946885, 0.49452611190639933], [0.0, 0.0, 0.0, 1.0]], "RightFoot": [[0.9986513747842232, 0.019731729840058, -0.0480217411530432, 1.96893], [-0.04795890950300149, -0.0036455235819756186, -0.9988426556302087, 2.709839995624752], [-0.019883957984612552, 0.9997986640164124, -0.002694293884091163, 0.10009411845086844], [0.0, 0.0, 0.0, 1.0]], "LeftUpLeg": [[0.99309378143926, -0.0708549610086, 0.0935111025558, 2.22478], [0.10894622014033623, 0.26116530675359784, -0.959126407732564, 2.722789959411178], [0.04353702927239062, 0.96269014431308, 0.26708101773313364, 0.9285641190169308], [0.0, 0.0, 0.0, 1.0]], "LeftLeg": [[0.9812893755888, -0.09087943229279999, 0.1697412809496, 2.2579], [0.1309655487467764, -0.3311771764763054, -0.9344355226437826, 2.6033699783675397], [0.14113539142868622, 0.9391819028277076, -0.3130785759501145, 0.494893113796917], [0.0, 0.0, 0.0, 1.0]], "LeftFoot": [[0.99892554878828, -0.02688384033926, -0.037749299422036, 2.30276], [-0.03744334099565053, 0.011794836693792303, -0.9992291428076991, 2.733119995602678], [0.027308363065639635, 0.9995689780895338, 0.010775544102046971, 0.10059911946846956], [0.0, 0.0, 0.0, 1.0]], "Spine": [[0.9512467195207893, 0.014902478804886, 0.308070891105717, 2.11282], [0.3081783900566125, -0.08635074818210746, -0.9474015588222606, 2.6991199559161902], [0.012483498040019294, 0.9961533369237802, -0.08673348755137557, 1.0085201179822825], [0.0, 0.0, 0.0, 1.0]], "Spine1": [[0.957385610471395, 0.0266974025388, 0.2875760112174, 2.11536], [0.2869607794512885, -0.20050738243200178, -0.93672310895416, 2.6834399481084628], [0.032653094596654116, 0.9793283411629409, -0.1996239893532679, 1.1871401172968878], [0.0, 0.0, 0.0, 1.0]], "Spine2": [[0.9795672539145152, 0.0248393825688, 0.19957709192176, 2.11849], [0.19827281972503072, -0.28556945719172744, -0.9376236032431415, 2.658109942665083], [0.03370310823398027, 0.9580360755218796, -0.2846594637501899, 1.3116701161896784], [0.0, 0.0, 0.0, 1.0]], "Neck": [[0.9794131660032477, 0.01826654423538, 0.20103772003140963, 2.1232800000000003], [0.20076272972737094, -0.19211420379866212, -0.9606177300002826, 2.603409934649726], [0.021075053170637674, 0.981202552454951, -0.19182642172899894, 1.4950401137986653], [0.0, 0.0, 0.0, 1.0]], "Neck1": [[0.9793827789241988, 0.0088145099494, 0.201820906399505, 2.1240799999999997], [0.201863100268044, -0.08122021158232018, -0.9760402490279532, 2.595249932827398], [0.00778861962991637, 0.9966572038007324, -0.08132500082622447, 1.5367301134419806], [0.0, 0.0, 0.0, 1.0]], "Head": [[0.9999990314836573, 0.000126771229725224, 0.0013859877947519671, 2.12446], [0.0013858682108462365, 0.000938578587212942, -0.9999985992197755, 2.591849930975347], [-0.00012807190969655276, 0.9999995514998619, 0.0009384019900913227, 1.5791001132933618], [0.0, 0.0, 0.0, 1.0]], "RightShoulder": [[0.94843273463232, 0.0324215988168, 0.3153160052072, 2.09335], [0.3068852465802011, -0.3429466452832423, -0.8878113728514402, 2.614149937122917], [0.07935230709358033, 0.9387952028416479, -0.33521153461626835, 1.4384601142681257], [0.0, 0.0, 0.0, 1.0]], "RightArm": [[0.19677438129199998, -0.860075551801, 0.470692258687, 1.9404], [0.3572468580864244, -0.3841787155538302, -0.8513410833237804, 2.564479937675865], [0.913047556034758, 0.3356752102125156, 0.23166225568569979, 1.425810112096981], [0.0, 0.0, 0.0, 1.0]], "RightForeArm": [[-0.3646433067720001, -0.866261451152, 0.34150429037999996, 1.88471], [0.7085787180865384, -0.02020350423993017, 0.7053414408512835, 2.464299948827078], [-0.6041111506790418, 0.4991818153848777, 0.6211817777114549, 1.170700107717974], [0.0, 0.0, 0.0, 1.0]], "RightHand": [[-0.13502349200199992, -0.27010156154, 0.9533178555940001, 1.9801300000000002], [0.7484867708860168, 0.6026395671965337, 0.27675689293778777, 2.2809099419119363], [-0.6492590709026054, 0.7509134082222135, 0.12079718683742831, 1.3289000997017426], [0.0, 0.0, 0.0, 1.0]], "RightHandThumb1": [[-0.8460394366419999, 0.01316849820999999, 0.532960493278, 2.00806], [0.25887526739375355, 0.884072412709557, 0.3891038952953295, 2.270459941388274], [-0.46605138415420355, 0.46716531645003345, -0.7513677845017299, 1.3408800992449588], [0.0, 0.0, 0.0, 1.0]], "RightHandThumb2": [[-0.43216864282, 0.7274512574, 0.53295973784, 2.04082], [0.8886108646526257, 0.2428387296181746, 0.38910306851733806, 2.26043994059972], [0.15362989706641483, 0.6417509697248193, -0.7513679759097662, 1.3589200988069705], [0.0, 0.0, 0.0, 1.0]], "RightHandThumb3": [[0.022396561861999786, 0.8458432547500001, 0.5329601729360001, 2.05244], [0.8811948014225474, -0.26850298514780996, 0.3891020382352727, 2.2365299407802484], [0.4722214305682491, 0.4609281547333626, -0.751366478591811, 1.3547900977618315], [0.0, 0.0, 0.0, 1.0]], "RightInHandIndex": [[-0.13502349200199992, -0.27010156154, 0.9533178555940001, 2.0031], [0.7484867708860168, 0.6026395671965337, 0.27675689293778777, 2.2645199406648504], [-0.6492590709026054, 0.7509134082222135, 0.12079718683742831, 1.357430098985313], [0.0, 0.0, 0.0, 1.0]], "RightHandIndex1": [[-0.44606685092999987, -0.12738878732399997, 0.885886147142, 2.0207800000000002], [0.8161919429898375, 0.3482280664406339, 0.4610484871750001, 2.225789939083809], [-0.36722320328711777, 0.928713735425534, -0.051359598522930656, 1.393600097292371], [0.0, 0.0, 0.0, 1.0]], "RightHandIndex2": [[-0.46389839945049993, 0.0012563136502, 0.8858860674465, 2.03776], [0.8807366548269925, 0.10832766623007774, 0.4610482560575826, 2.1947299384731616], [-0.09538683171157827, 0.9941144441480746, -0.051359652752740764, 1.4075700959346953], [0.0, 0.0, 0.0, 1.0]], "RightHandIndex3": [[-0.45471486928304516, 0.09185722570070001, 0.88588691036937, 2.04777], [0.8849303344548094, -0.06581598195340549, 0.4610483005778263, 2.1757199383831156], [0.10065620218803364, 0.993594737363229, -0.05135973476373882, 1.4096300951037417], [0.0, 0.0, 0.0, 1.0]], "RightInHandMiddle": [[-0.13502349200199992, -0.27010156154, 0.9533178555940001, 1.99105], [0.7484867708860168, 0.6026395671965337, 0.27675689293778777, 2.2597699406818976], [-0.6492590709026054, 0.7509134082222135, 0.12079718683742831, 1.3570400987776838], [0.0, 0.0, 0.0, 1.0]], "RightHandMiddle1": [[-0.2430544423616201, -0.17919671091, 0.9533178340476001, 2.00179], [0.9406340302287706, 0.19650556293551733, 0.27675810739979473, 2.2194299391493764], [-0.23692609626158112, 0.9639886696119128, 0.12079702966468131, 1.3921000970143667], [0.0, 0.0, 0.0, 1.0]], "RightHandMiddle2": [[-0.298051218516, -0.048499527821800004, 0.9533170813978001, 2.01188], [0.9266242635795043, -0.25450475251704646, 0.27675800386920835, 2.1803699387192563], [0.22920108208623344, 0.9658546121258658, 0.12079626328327679, 1.4019400953069996], [0.0, 0.0, 0.0, 1.0]], "RightHandMiddle3": [[-0.2983804122, 0.046431442292000025, 0.953316652456, 2.01964], [0.8018204081609582, -0.5296115479261705, 0.27675809039983146, 2.1562499389802134], [0.5177379180046842, 0.8469685103139456, 0.12079618698548063, 1.3959700942526811], [0.0, 0.0, 0.0, 1.0]], "RightInHandRing": [[-0.13502349200199992, -0.27010156154, 0.9533178555940001, 1.9820900000000001], [0.7484867708860168, 0.6026395671965337, 0.27675689293778777, 2.257449940729106], [-0.6492590709026054, 0.7509134082222135, 0.12079718683742831, 1.3559600986762737], [0.0, 0.0, 0.0, 1.0]], "RightHandRin