{"git_commit": "f57c57879de15d0e062c05806de17c36516bed84", "in": {"param": {"q0": [[0.0, 0.0, 0.0, 0.0, 0.0, 0.0, 1.0, 0.0, 0.0, 0.0, 0.0, 0.0, 0.0, 0.0, 0.0, 0.0, 0.0, 0.0, 0.0, 0.0, 0.0, 0.0, 0.0, 0.0, 0.0, 0.0, 0.0, 0.0, 0.0, 0.0, 0.0, 0.0, 0.0, 0.0, 0.0, 0.0, 0.0, 0.0, 0.0, 0.0, 0.0, 0.0, 0.0, 0.0, 0.0, 0.0, 0.0, 0.0, 0.0, 0.0]], "dq_vel_limit_factor": [100], "dt": [100], "root_dir_z": [-0.0571337473262906, -0.011738910241588577, 0.9982975172276026], "root_dir_y": [0.07828088934072533, -0.9969050327160444, -0.007242797073481113], "root_pos": [0.6134400367736816, 0.28911101818084717, 1.1706550121307373], "torso_dir": [-0.026551301950457386, -0.005683899036789675, 0.9996312928557585], "shoulder_dir": [0.046110140538101745, -0.9989034022767685, -0.008114669398863445], "L_upper_arm_dir": [0.6799306638950519, 0.2246607072715311, -0.6980127927935773], "L_lower_arm_dir": [0.7836602294779518, 0.33374860460535843, 0.5239165140158688], "L_upper_leg_dir": [0.036704825975302884, -0.03766406616778595, -0.9986161293859775], "L_lower_leg_dir": [0.03533614095635476, -0.03895091112179781, -0.9986161342903961], "L_foot_dir_front": [0.99334229357561, 0.11485379942605635, -0.008927068463157781], "L_foot_pos": [0.6368460655212402, 0.3491453230381012, 0.3013450503349304], "R_upper_arm_dir": [0.12185406307853316, -0.09325814223661734, -0.9881571262799391], "R_lower_arm_dir": [0.8961227711514919, 0.1325007738859129, -0.42356525346563223], "R_upper_leg_dir": [-0.009944514228600569, 0.05674498651707534, -0.9983391774051212], "R_lower_leg_dir": [0.0003337508625097135, 0.035661137939051415, -0.999363883603592], "R_foot_dir_front": [0.9999830086398265, -0.005611125851792912, 0.0015804108061009674], "R_foot_pos": [0.6164780855178833, 0.235710009932518, 0.29978829622268677], "L_hand_dir_front": [0.6430173925375459, 0.6543327018542219, 0.39796651640354075], "L_hand_dir_outside": [0.7506160469614571, -0.43532151143596154, -0.49706210047142557], "R_hand_dir_front": [0.9392934217017467, -0.08316867653124382, -0.3328826207417052], "R_hand_dir_outside": [-0.26889335169422945, 0.4242092696149883, -0.8647212620187859], "head_up_dir": [-0.1137163735015038, 0.013544327556780037, 0.9934209266915516], "head_front_dir": [0.9459402376170282, -0.30423140152736783, 0.11242918296302688]}, "weight": {"head_dir_weight": 5.0, "root_pos_weight": 100.0, "root_dir_weight": 100.0, "torso_dir_weight": 50.0, "shoulder_dir_weight": 30.0, "upper_arm_weight": 20.0, "L_upper_arm_weight": 20.0, "R_upper_arm_weight": 20.0, "lower_arm_weight": 10.0, "L_lower_arm_weight": 10.0, "R_lower_arm_weight": 10.0, "hand_dir_front_weight": 5.0, "hand_dir_outside_weight": 3.0, "finger_weight": 1.0, "upper_leg_weight": 50.0, "lower_leg_weight": 30.0, "foot_pos_weight": 10.0, "hand_pos_weight": 10.0, "L_hand_pos_weight": 10.0, "R_hand_pos_weight": 10.0, "foot_dir_x_weight": 10.0, "foot_dir_y_weight": 10.0, "joint_vel_cost_weight": 0.0010000000474974513, "hand_joint_vel_cost_weight": 0.0, "leg_joint_vel_cost_weight": 0.0010000000474974513, "arm_joint_vel_cost_weight": 0.0010000000474974513, "waist_joint_vel_cost_weight": 0.0010000000474974513, "default_config_cost_weight": 0.0010000000474974513, "shoulder_roll_default_cost_weight": 0.10000000149011612, "finger_turbo_factor": 1.0, "thumb_pos_weight": 10.0}}, "out": {"q": [[0.612084002851549, 0.2888748917578703, 1.1688910855788195, 0.004628383220485234, -0.027971864139251505, 0.03884552145158457, 0.9988429197569025, 0.019742586656163248, -0.06737183768134175, 0.04776036374753795, 0.05200788815940092, -0.006118099072232196, 6.220398057861939e-19, 0.06358318110925609, 0.05912114480499317, -0.1128223402037599, 0.05200644320030426, -0.05698747412351852, 6.220398057861939e-19, -0.002148854437765116, 0.027189433277713587, -0.030300591131761947, -0.35643235215020724, -0.08760879457859844, -0.731367030483499, 0.2790145218765089, 0.4993535422538985, -1.3301231024099163, 0.7245326780176242, -0.18699171649728927, 0.3317888920953715, 0.12433352977589252, 0.12433352977589252, 0.12433352977589252, 0.12433352977589252, 0.11242109430832972, 0.09090286843565275, -0.09116602955959358, -0.10529353630994773, 0.13268354854315006, -1.0294253547661918, -0.6123023325936959, -0.1816272733544537, -0.15294596684806006, 0.12433352977589252, 0.12433352977589252, 0.12433352977589252, 0.12433352977589252, 0.11242109430832972, 0.09090286843565275]], "v": [[0.006556082044717541, 0.002699034610842274, 0.011500443063765678, 9.26033836808226e-05, -0.0005596531539761711, 0.0007772102170238146, 0.00019742586656163247, -0.0006737183768134175, 0.0004776036374753795, 0.0005200788815940092, -6.118099072232196e-05, 6.220398057861939e-21, 0.000635831811092561, 0.0005912114480499317, -0.001128223402037599, 0.0005200644320030426, -0.0005698747412351852, 6.220398057861939e-21, -2.1488544377651164e-05, 0.0002718943327771359, -0.0003030059113176195, -0.0035643235215020723, -0.0008760879457859844, -0.00731367030483499, 0.002790145218765089, 0.004993535422538985, -0.013301231024099162, 0.007245326780176242, -0.0018699171649728928, 0.003317888920953715, 0.001243335297758925, 0.001243335297758925, 0.001243335297758925, 0.001243335297758925, 0.0011242109430832973, 0.0009090286843565275, -0.0009116602955959358, -0.0010529353630994772, 0.0013268354854315007, -0.010294253547661917, -0.00612302332593696, -0.0018162727335445368, -0.0015294596684806007, 0.001243335297758925, 0.001243335297758925, 0.001243335297758925, 0.001243335297758925, 0.0011242109430832973, 0.0009090286843565275]]}, "extended": {"labels": ["root_pos/x", "root_pos/y", "root_pos/z", "root_quat/x", "root_quat/y", "root_quat/z", "root_quat/w", "dof_pos/hipPitch_Left", "dof_pos/hipRoll_Left", "dof_pos/hipYaw_Left", "dof_pos/kneePitch_Left", "dof_pos/anklePitch_Left", "dof_pos/ankleRoll_Left", "dof_pos/hipPitch_Right", "dof_pos/hipRoll_Right", "dof_pos/hipYaw_Right", "dof_pos/kneePitch_Right", "dof_pos/anklePitch_Right", "dof_pos/ankleRoll_Right", "dof_pos/waistRoll", "dof_pos/waistPitch", "dof_pos/waistYaw", "dof_pos/neckYaw", "dof_pos/neckPitch", "dof_pos/shoulderPitch_Left", "dof_pos/shoulderRoll_Left", "dof_pos/shoulderYaw_Left", "dof_pos/elbow_Left", "dof_pos/wristYaw_Left", "dof_pos/wristPitch_Left", "dof_pos/wristRoll_Left", "dof_pos/L_index_MCP_joint", "dof_pos/L_index_DIP_joint", "dof_pos/L_middle_MCP_joint", "dof_pos/L_middle_DIP_joint", "dof_pos/L_pinky_MCP_joint", "dof_pos/L_pinky_DIP_joint", "dof_pos/L_ring_MCP_joint", "dof_pos/L_ring_DIP_joint", "dof_pos/L_thumb_MCP_joint1", "dof_pos/L_thumb_MCP_joint2", "dof_pos/L_thumb_PIP_joint", "dof_pos/L_thumb_DIP_joint", "dof_pos/shoulderPitch_Right", "dof_pos/shoulderRoll_Right", "dof_pos/shoulderYaw_Right", "dof_pos/elbow_Right", "dof_pos/wristYaw_Right", "dof_pos/wristPitch_Right", "dof_pos/wristRoll_Right", "dof_pos/R_index_MCP_joint", "dof_pos/R_index_DIP_joint", "dof_pos/R_middle_MCP_joint", "dof_pos/R_middle_DIP_joint", "dof_pos/R_pinky_MCP_joint", "dof_pos/R_pinky_DIP_joint", "dof_pos/R_ring_MCP_joint", "dof_pos/R_ring_DIP_joint", "dof_pos/R_thumb_MCP_joint1", "dof_pos/R_thumb_MCP_joint2", "dof_pos/R_thumb_PIP_joint", "dof_pos/R_thumb_DIP_joint", "root_vel_body/x", "root_vel_body/y", "root_vel_body/z", "root_ang_vel_body/x", "root_ang_vel_body/y", "root_ang_vel_body/z", "dof_vel/hipPitch_Left", "dof_vel/hipRoll_Left", "dof_vel/hipYaw_Left", "dof_vel/kneePitch_Left", "dof_vel/anklePitch_Left", "dof_vel/ankleRoll_Left", "dof_vel/hipPitch_Right", "dof_vel/hipRoll_Right", "dof_vel/hipYaw_Right", "dof_vel/kneePitch_Right", "dof_vel/anklePitch_Right", "dof_vel/ankleRoll_Right", "dof_vel/waistRoll", "dof_vel/waistPitch", "dof_vel/waistYaw", "dof_vel/neckYaw", "dof_vel/neckPitch", "dof_vel/shoulderPitch_Left", "dof_vel/shoulderRoll_Left", "dof_vel/shoulderYaw_Left", "dof_vel/elbow_Left", "dof_vel/wristYaw_Left", "dof_vel/wristPitch_Left", "dof_vel/wristRoll_Left", "dof_vel/L_index_MCP_joint", "dof_vel/L_index_DIP_joint", "dof_vel/L_middle_MCP_joint", "dof_vel/L_middle_DIP_joint", "dof_vel/L_pinky_MCP_joint", "dof_vel/L_pinky_DIP_joint", "dof_vel/L_ring_MCP_joint", "dof_vel/L_ring_DIP_joint", "dof_vel/L_thumb_MCP_joint1", "dof_vel/L_thumb_MCP_joint2", "dof_vel/L_thumb_PIP_joint", "dof_vel/L_thumb_DIP_joint", "dof_vel/shoulderPitch_Right", "dof_vel/shoulderRoll_Right", "dof_vel/shoulderYaw_Right", "dof_vel/elbow_Right", "dof_vel/wristYaw_Right", "dof_vel/wristPitch_Right", "dof_vel/wristRoll_Right", "dof_vel/R_index_MCP_joint", "dof_vel/R_index_DIP_joint", "dof_vel/R_middle_MCP_joint", "dof_vel/R_middle_DIP_joint", "dof_vel/R_pinky_MCP_joint", "dof_vel/R_pinky_DIP_joint", "dof_vel/R_ring_MCP_joint", "dof_vel/R_ring_DIP_joint", "dof_vel/R_thumb_MCP_joint1", "dof_vel/R_thumb_MCP_joint2", "dof_vel/R_thumb_PIP_joint", "dof_vel/R_thumb_DIP_joint", "torso/pos_x", "torso/pos_y", "torso/pos_z", "torso_quat/x", "torso_quat/y", "torso_quat/z", "torso_quat/w", "torso/vel_local_x", "torso/vel_local_y", "torso/vel_local_z", "torso/vel_local_norm", "torso/ang_vel_local_x", "torso/ang_vel_local_y", "torso/ang_vel_local_z", "torso/ang_vel_local_norm", "torso/pos_x_body", "torso/pos_y_body", "torso/pos_z_body", "torso_quat_body/x", "torso_quat_body/y", "torso_quat_body/z", "torso_quat_body/w", "hipRollLeft/pos_x", "hipRollLeft/pos_y", "hipRollLeft/pos_z", "hipRollLeft_quat/x", "hipRollLeft_quat/y", "hipRollLeft_quat/z", "hipRollLeft_quat/w", "hipRollLeft/vel_local_x", "hipRollLeft/vel_local_y", "hipRollLeft/vel_local_z", "hipRollLeft/vel_local_norm", "hipRollLeft/ang_vel_local_x", "hipRollLeft/ang_vel_local_y", "hipRollLeft/ang_vel_local_z", "hipRollLeft/ang_vel_local_norm", "hipRollLeft/pos_x_body", "hipRollLeft/pos_y_body", "hipRollLeft/pos_z_body", "hipRollLeft_quat_body/x", "hipRollLeft_quat_body/y", "hipRollLeft_quat_body/z", "hipRollLeft_quat_body/w", "shinLeft/pos_x", "shinLeft/pos_y", "shinLeft/pos_z", "shinLeft_quat/x", "shinLeft_quat/y", "shinLeft_quat/z", "shinLeft_quat/w", "shinLeft/vel_local_x", "shinLeft/vel_local_y", "shinLeft/vel_local_z", "shinLeft/vel_local_norm", "shinLeft/ang_vel_local_x", "shinLeft/ang_vel_local_y", "shinLeft/ang_vel_local_z", "shinLeft/ang_vel_local_norm", "shinLeft/pos_x_body", "shinLeft/pos_y_body", "shinLeft/pos_z_body", "shinLeft_quat_body/x", "shinLeft_quat_body/y", "shinLeft_quat_body/z", "shinLeft_quat_body/w", "anklePitchLeft/pos_x", "anklePitchLeft/pos_y", "anklePitchLeft/pos_z", "anklePitchLeft_quat/x", "anklePitchLeft_quat/y", "anklePitchLeft_quat/z", "anklePitchLeft_quat/w", "anklePitchLeft/vel_local_x", "anklePitchLeft/vel_local_y", "anklePitchLeft/vel_local_z", "anklePitchLeft/vel_local_norm", "anklePitchLeft/ang_vel_local_x", "anklePitchLeft/ang_vel_local_y", "anklePitchLeft/ang_vel_local_z", "anklePitchLeft/ang_vel_local_norm", "anklePitchLeft/pos_x_body", "anklePitchLeft/pos_y_body", "anklePitchLeft/pos_z_body", "anklePitchLeft_quat_body/x", "anklePitchLeft_quat_body/y", "anklePitchLeft_quat_body/z", "anklePitchLeft_quat_body/w", "hipRollRight/pos_x", "hipRollRight/pos_y", "hipRollRight/pos_z", "hipRollRight_quat/x", "hipRollRight_quat/y", "hipRollRight_quat/z", "hipRollRight_quat/w", "hipRollRight/vel_local_x", "hipRollRight/vel_local_y", "hipRollRight/vel_local_z", "hipRollRight/vel_local_norm", "hipRollRight/ang_vel_local_x", "hipRollRight/ang_vel_local_y", "hipRollRight/ang_vel_local_z", "hipRollRight/ang_vel_local_norm", "hipRollRight/pos_x_body", "hipRollRight/pos_y_body", "hipRollRight/pos_z_body", "hipRollRight_quat_body/x", "hipRollRight_quat_body/y", "hipRollRight_quat_body/z", "hipRollRight_quat_body/w", "shinRight/pos_x", "shinRight/pos_y", "shinRight/pos_z", "shinRight_quat/x", "shinRight_quat/y", "shinRight_quat/z", "shinRight_quat/w", "shinRight/vel_local_x", "shinRight/vel_local_y", "shinRight/vel_local_z", "shinRight/vel_local_norm", "shinRight/ang_vel_local_x", "shinRight/ang_vel_local_y", "shinRight/ang_vel_local_z", "shinRight/ang_vel_local_norm", "shinRight/pos_x_body", "shinRight/pos_y_body", "shinRight/pos_z_body", "shinRight_quat_body/x", "shinRight_quat_body/y", "shinRight_quat_body/z", "shinRight_quat_body/w", "anklePitchRight/pos_x", "anklePitchRight/pos_y", "anklePitchRight/pos_z", "anklePitchRight_quat/x", "anklePitchRight_quat/y", "anklePitchRight_quat/z", "anklePitchRight_quat/w", "anklePitchRight/vel_local_x", "anklePitchRight/vel_local_y", "anklePitchRight/vel_local_z", "anklePitchRight/vel_local_norm", "anklePitchRight/ang_vel_local_x", "anklePitchRight/ang_vel_local_y", "anklePitchRight/ang_vel_local_z", "anklePitchRight/ang_vel_local_norm", "anklePitchRight/pos_x_body", "anklePitchRight/pos_y_body", "anklePitchRight/pos_z_body", "anklePitchRight_quat_body/x", "anklePitchRight_quat_body/y", "anklePitchRight_quat_body/z", "anklePitchRight_quat_body/w", "shoulderRollLeft/pos_x", "shoulderRollLeft/pos_y", "shoulderRollLeft/pos_z", "shoulderRollLeft_quat/x", "shoulderRollLeft_quat/y", "shoulderRollLeft_quat/z", "shoulderRollLeft_quat/w", "shoulderRollLeft/vel_local_x", "shoulderRollLeft/vel_local_y", "shoulderRollLeft/vel_local_z", "shoulderRollLeft/vel_local_norm", "shoulderRollLeft/ang_vel_local_x", "shoulderRollLeft/ang_vel_local_y", "shoulderRollLeft/ang_vel_local_z", "shoulderRollLeft/ang_vel_local_norm", "shoulderRollLeft/pos_x_body", "shoulderRollLeft/pos_y_body", "shoulderRollLeft/pos_z_body", "shoulderRollLeft_quat_body/x", "shoulderRollLeft_quat_body/y", "shoulderRollLeft_quat_body/z", "shoulderRollLeft_quat_body/w", "elbowLeft/pos_x", "elbowLeft/pos_y", "elbowLeft/pos_z", "elbowLeft_quat/x", "elbowLeft_quat/y", "elbowLeft_quat/z", "elbowLeft_quat/w", "elbowLeft/vel_local_x", "elbowLeft/vel_local_y", "elbowLeft/vel_local_z", "elbowLeft/vel_local_norm", "elbowLeft/ang_vel_local_x", "elbowLeft/ang_vel_local_y", "elbowLeft/ang_vel_local_z", "elbowLeft/ang_vel_local_norm", "elbowLeft/pos_x_body", "elbowLeft/pos_y_body", "elbowLeft/pos_z_body", "elbowLeft_quat_body/x", "elbowLeft_quat_body/y", "elbowLeft_quat_body/z", "elbowLeft_quat_body/w", "shoulderRollRight/pos_x", "shoulderRollRight/pos_y", "shoulderRollRight/pos_z", "shoulderRollRight_quat/x", "shoulderRollRight_quat/y", "shoulderRollRight_quat/z", "shoulderRollRight_quat/w", "shoulderRollRight/vel_local_x", "shoulderRollRight/vel_local_y", "shoulderRollRight/vel_local_z", "shoulderRollRight/vel_local_norm", "shoulderRollRight/ang_vel_local_x", "shoulderRollRight/ang_vel_local_y", "shoulderRollRight/ang_vel_local_z", "shoulderRollRight/ang_vel_local_norm", "shoulderRollRight/pos_x_body", "shoulderRollRight/pos_y_body", "shoulderRollRight/pos_z_body", "shoulderRollRight_quat_body/x", "shoulderRollRight_quat_body/y", "shoulderRollRight_quat_body/z", "shoulderRollRight_quat_body/w", "elbowRight/pos_x", "elbowRight/pos_y", "elbowRight/pos_z", "elbowRight_quat/x", "elbowRight_quat/y", "elbowRight_quat/z", "elbowRight_quat/w", "elbowRight/vel_local_x", "elbowRight/vel_local_y", "elbowRight/vel_local_z", "elbowRight/vel_local_norm", "elbowRight/ang_vel_local_x", "elbowRight/ang_vel_local_y", "elbowRight/ang_vel_local_z", "elbowRight/ang_vel_local_norm", "elbowRight/pos_x_body", "elbowRight/pos_y_body", "elbowRight/pos_z_body", "elbowRight_quat_body/x", "elbowRight_quat_body/y", "elbowRight_quat_body/z", "elbowRight_quat_body/w"], "result": [[0.612084002851549], [0.2888748917578703], [1.1688910855788195], [0.004628383220485234], [-0.027971864139251505], [0.03884552145158457], [0.9988429197569025], [0.019742586656163248], [-0.06737183768134175], [0.04776036374753795], [0.05200788815940092], [-0.006118099072232196], [6.220398057861939e-19], [0.06358318110925609], [0.05912114480499317], [-0.1128223402037599], [0.05200644320030426], [-0.05698747412351852], [6.220398057861939e-19], [-0.002148854437765116], [0.027189433277713587], [-0.030300591131761947], [-0.35643235215020724], [-0.08760879457859844], [-0.731367030483499], [0.2790145218765089], [0.4993535422538985], [-1.3301231024099163], [0.7245326780176242], [-0.18699171649728927], [0.3317888920953715], [0.12433352977589252], [0.12433352977589252], [0.12433352977589252], [0.12433352977589252], [0.12433352977589252], [0.12433352977589252], [0.12433352977589252], [0.12433352977589252], [0.11242109430832972], [0.09090286843565275], [0.09090286843565275], [0.09090286843565275], [-0.09116602955959358], [-0.10529353630994773], [0.13268354854315006], [-1.0294253547661918], [-0.6123023325936959], [-0.1816272733544537], [-0.15294596684806006], [0.12433352977589252], [0.12433352977589252], [0.12433352977589252], [0.12433352977589252], [0.12433352977589252], [0.12433352977589252], [0.12433352977589252], [0.12433352977589252], [0.11242109430832972], [0.09090286843565275], [0.09090286843565275], [0.09090286843565275], [0.006556082044717541], [0.002699034610842274], [0.011500443063765678], [9.26033836808226e-05], [-0.0005596531539761711], [0.0007772102170238146], [0.00019742586656163247], [-0.0006737183768134175], [0.0004776036374753795], [0.0005200788815940092], [-6.118099072232196e-05], [6.220398057861939e-21], [0.000635831811092561], [0.0005912114480499317], [-0.001128223402037599], [0.0005200644320030426], [-0.0005698747412351852], [6.220398057861939e-21], [-2.1488544377651164e-05], [0.0002718943327771359], [-0.0003030059113176195], [-0.0035643235215020723], [-0.0008760879457859844], [-0.00731367030483499], [0.002790145218765089], [0.004993535422538985], [-0.013301231024099162], [0.007245326780176242], [-0.0018699171649728928], [0.003317888920953715], [0.001243335297758925], [0.001243335297758925], [0.001243335297758925], [0.001243335297758925], [0.001243335297758925], [0.001243335297758925], [0.001243335297758925], [0.001243335297758925], [0.0011242109430832973], [0.0009090286843565275], [0.0009090286843565275], [0.0009090286843565275], [-0.0009116602955959358], [-0.0010529353630994772], [0.0013268354854315007], [-0.010294253547661917], [-0.00612302332593696], [-0.0018162727335445368], [-0.0015294596684806007], [0.001243335297758925], [0.001243335297758925], [0.001243335297758925], [0.001243335297758925], [0.001243335297758925], [0.001243335297758925], [0.001243335297758925], [0.001243335297758925], [0.0011242109430832973], [0.0009090286843565275], [0.0009090286843565275], [0.0009090286843565275], [0.6036313113942771], [0.28774871811690733], [1.3456721762548842], [0.0032454983500817963], [-0.014384850545575817], [0.023719104936841307], [0.9996098973480786], [0.006072146373733102], [0.002847170719915815], [0.01167832370338936], [0.013467018497556606], [5.8737534844947875e-05], [-0.00028778022884416363], [0.0004746464135986414], [0.0005581727116720354], [0.0014408624184788013], [0.0007857541713162838], [0.17697902922785438], [-0.0012801540675029316], [0.013576454153177396], [-0.015162911719534423], [0.9997920419799188], [0.5788129233269628], [0.4402642786682746], [1.0962502608470204], [-0.029184074847071046], [-0.020975450601937815], [0.03253777122249643], [0.998824115493433], [0.00626003976270803], [0.0019732462402916153], [0.011767004519159423], [0.013473833675291858], [-0.0005873643718705247], [-0.00044081417599877077], [0.0006371880451778311], [0.0009722770428339224], [-0.025495030597381167], [0.15300272343129687], [-0.07240559824350652], [-0.03367790750730274], [0.008272060015008855], [-0.00538630579423953], [0.9993839899052459], [0.6450942484813516], [0.38396840693471146], [0.6797827314627543], [-0.03113246442839793], [0.005677072103248763], [0.05558764636336092], [0.9979521802585187], [0.005939090417183435], [0.0014439698920014302], [0.012133120700534279], [0.013585671200430995], [-0.0006648701364985149], [0.00010780944244828271], [0.001081691337654149], [0.0012742571656634252], [0.01270695008189407], [0.08877286262329134], [-0.4912406205645425], [-0.03393992787677844], [0.03505172382342905], [0.01760191157015278], [0.998653909350883], [0.6421824475970583], [0.3607440354208141], [0.3105238114847019], [-0.03096227366445798], [0.002624265147991325], [0.05568262187730339], [0.9979648773693539], [0.005973321688331523], [0.001197967941497013], [0.012096801952458358], [0.013544309382842179], [-0.0006582398396314587], [4.662845172596074e-05], [0.0010857388092379897], [0.0012705442380625462], [-0.012754328646364652], [0.06323456056303337], [-0.8594790194495093], [-0.033885924040199196], [0.03199663280674837], [0.017705652971473584], [0.9987564615529783], [0.6026839607036267], [0.13454996613552456], [1.0949974082567415], [0.03261100406033521], [-0.0003442408848327755], [0.05719230589744996], [0.9978303683785749], [0.006202715338467521], [0.0031351800972259734], [0.011656904763040911], [0.01357153124988879], [0.0006227778343669318], [2.6659288763756562e-05], [0.0011455693656929919], [0.001304182548675759], [-0.025448471396854355], [-0.15364332299632916], [-0.07149072395152957], [0.029541332371633127], [0.026565249378971863], [0.01745429153406126], [0.999058028802224], [0.6450570450505455], [0.20244360074301812], [0.6769002871657978], [0.032545622523012914], [0.02748090213771239], [0.001689167974395569], [0.9990909514072486], [0.005148474272132815], [0.004123220218509956], [0.011961398585939139], [0.013659531047325512], [0.0006140827196264963], [0.0006166685146686266], [4.933452928483385e-05], [0.0008716716923860957], [-0.0015317187656205683], [-0.0922138242800175], [-0.49204349375914985], [0.028998547981547863], [0.05413910732314183], [-0.03816054939134824], [0.9973824811692682], [0.6246989822432292], [0.22647111740504847], [0.3082429561363941], [0.03258053583002139], [-0.0009942357712832658], [0.0007612613774925559], [0.9994683289936579], [0.005593600558775486], [0.004350430824771705], [0.011661736968580465], [0.013645905052308312], [0.0006158957791943331], [4.6793773433441476e-05], [1.4278357546846935e-05], [0.0006178358516270891], [-0.04067090829972195], [-0.06928224413681162], [-0.8592522443012408], [0.02789958738522665], [0.02570182245527677], [-0.03897122449477006], [0.9985200413650143], [0.6126481419481161], [0.4843700739092093], [1.6442968053243028], [0.14217775978309816], [-0.3596098455418583], [-0.05169084257253026], [0.9207574601416826], [0.01107810860810438], [0.006390548341709947], [0.004244207692978338], [0.013475047212600951], [0.003197491699552896], [-0.0074291706695687795], [-0.00015439421413102305], [0.00808952208598554], [0.04241772796479617], [0.1982153814304289], [0.4723776897597098], [0.12233650913270938], [-0.33920065976008096], [-0.08971090059472951], [0.9284011230422068], [0.7737800801458257], [0.5563951328277176], [1.4482785134673641], [-0.14797736565940608], [0.8603083840944666], [-0.1094255978147865], [-0.4753927029858016], [0.007573339922123097], [0.00011065414729599849], [-0.013633713988555474], [0.015596341847948527], [0.004520787873329664], [-0.02135438766008655], [0.0018822759738705904], [0.021908682255551377], [0.19735801814737924], [0.25608782514713546], [0.2669061148436873], [0.11524755452964731], [-0.8512571124908033], [0.09067474029718053], [0.5038426550827099], [0.6414289450497435], [0.08285840372654318], [1.622608890161482], [-0.04846743444890155], [-0.05920303689744486], [0.03606889409333558], [0.9964160491977961], [0.007151923594580978], [0.001467198778401827], [0.011357197194050078], [0.013501429978435873], [-0.0009627967627696537], [-0.0012224169184979008], [0.000655225113133134], [0.001688372197683306], [0.038793133274329386], [-0.20446161650680658], [0.45371169849902704], [-0.05431400769536319], [-0.029213236449997834], [-0.001049402691065674], [0.9980959243169849], [0.6341292918963467], [0.04980047826663596], [1.3590380042201855], [0.004724090630341612], [-0.5368865185074556], [0.11456291662028063], [0.835826469638354], [0.013576529739431655], [0.0001885527557085957], [-0.0006234163869752035], [0.013592143315125347], [0.0011235168876736045], [-0.011378553173961147], [0.0019778394952400945], [0.011603689568343368], [0.014147307083248871], [-0.23871421543992635], [0.19134732209583002], [-0.016800999161553958], [-0.512538941954336], [0.08431501800900003], [0.8543491892344987]]}, "BoneMaps": {"Head": [[0.9459402376170282, 0.3037526185149797, -0.1137163735015038, 0.5878013968467712], [-0.30423140152736783, 0.9525018664106271, 0.013544327556780037, 0.28375086188316345], [0.11242918296302688, 0.02178396725954877, 0.9934209266915516, 1.8350616693496704], [0.0, 0.0, 0.0, 1.0]], "Spine": [[0.99836768593935, -0.0505667087800171, -0.026551301950457386, 0.5985281467437744], [0.05043294969320903, 0.9987112750324699, -0.005683899036789675, 0.28604716062545776], [0.026804500692041766, 0.004335560652915987, 0.9996312928557585, 1.4312106370925903], [0.0, 0.0, 0.0, 1.0]], "LeftShoulder": [[0.9946344284595174, -0.061055437601425344, -0.08351399440996489, 0.5901318192481995], [0.060343584958261254, 0.9981167894114928, -0.011023903540890102, 0.31352630257606506], [0.08402978922616845, 0.005925220180904606, 0.996445626358214, 1.6922401189804077], [0.0, 0.0, 0.0, 1.0]], "LeftArm": [[0.6834696021752729, 0.6799307478447023, -0.2656378757589323, 0.5803018808364868], [0.1506731458387116, 0.22466073344327298, 0.9627175899358009, 0.4742230772972107], [0.7142596908866133, -0.6980127025950706, 0.05110147738064974, 1.6931941509246826], [0.0, 0.0, 0.0, 1.0]], "LeftForeArm": [[-0.561790196159984, 0.7836603622593512, -0.2650815197671641, 0.7706825137138367], [0.020870015378564977, 0.33374869178695155, 0.9424310336510556, 0.5371280908584595], [0.8270164556746289, 0.5239162598679689, -0.20385174683905394, 1.4977505207061768], [0.0, 0.0, 0.0, 1.0]], "LeftHand": [[-0.7506160469614571, 0.6430173925375459, -0.15200060176910885, 0.9744341969490051], [0.43532151143596154, 0.6543327018542219, 0.6183396291402193, 0.6239027380943298], [0.49706210047142557, 0.39796651640354075, -0.7710719292624812, 1.6339688301086426], [0.0, 0.0, 0.0, 1.0]], "RightShoulder": [[0.996309621646997, -0.029547322431164123, -0.0805859389147166, 0.5930646657943726], [0.028508448419794403, 0.9994953388733011, -0.014011992693437163, 0.25560104846954346], [0.08095928719000392, 0.011662903056007964, 0.9966491712282676, 1.6919887065887451], [0.0, 0.0, 0.0, 1.0]], "RightArm": [[0.9900081304897599, -0.12185394212808562, -0.07096138634507994, 0.5978217720985413], [-0.059757956131726325, 0.09325835921513914, -0.9938470028708941, 0.09468229115009308], [0.127721917630175, 0.9881571207173208, 0.08504479133095433, 1.6901109218597412], [0.0, 0.0, 0.0, 1.0]], "RightForeArm": [[0.44021229086322344, -0.8961228799814891, 0.056364199157223405, 0.6319409012794495], [-0.14416629044871887, -0.13250069040563073, -0.9806424668248303, 0.06857001781463623], [0.8862444469057107, 0.4235650493321118, -0.18751914385757562, 1.4134269952774048], [0.0, 0.0, 0.0, 1.0]], "RightHand": [[0.26889335169422945, -0.9392934217017467, -0.2131296163428913, 0.8649328351020813], [-0.4242092696149883, 0.08316867653124382, -0.901736916631874, 0.10302022099494934], [0.8647212620187859, 0.3328826207417052, -0.376093472185802, 1.3033000230789185], [0.0, 0.0, 0.0, 1.0]], "Hips": [[0.9952928360152816, -0.07828093952625587, -0.0571337473262906, 0.6134400367736816], [0.0777338806742465, 0.9969050314757479, -0.011738910241588577, 0.28911101818084717], [0.057875853099369094, 0.007242425368945105, 0.9982975172276026, 1.1706550121307373], [0.0, 0.0, 0.0, 1.0]], "LeftUpLeg": [[0.9965904974387718, -0.07389274326114001, -0.036704807697147485, 0.6060612797737122], [0.07526962926946745, 0.9964516566497991, 0.03766402619885398, 0.38307929039001465], [0.03379146821874214, -0.04029836787283421, 0.9986161315652814, 1.1713377237319946], [0.0, 0.0, 0.0, 1.0]], "LeftLeg": [[0.9972976160228189, -0.06519445078192439, -0.03386958314543293, 0.6226012110710144], [0.06654256264736473, 0.9969682127373484, 0.04032951955601272, 0.36610710620880127], [0.031137636896908162, -0.042474302566852244, 0.9986122276389048, 0.7213412523269653], [0.0, 0.0, 0.0, 1.0]], "LeftFoot": [[0.99334229357561, -0.11485020881864856, 0.008973144836650656, 0.6368460655212402], [0.11485379942605635, 0.9933823993499974, 0.00011584058703559589, 0.3491453230381012], [-0.008927068463157781, 0.0009155304228745438, 0.9999597338156666, 0.3013450503349304], [0.0, 0.0, 0.0, 1.0]], "RightUpLeg": [[0.9998309998142596, -0.015462129136757494, 0.00994456499683917, 0.6208189129829407], [0.01600224065277832, 0.9982604543489556, -0.0567449872421101, 0.19514122605323792], [-0.009049867651446226, 0.05689453265099296, 0.9983391768582041, 1.16997230052948], [0.0, 0.0, 0.0, 1.0]], "RightLeg": [[0.999896528848013, -0.014381244275271278, -0.00033378254839133963, 0.6163377165794373], [0.014360195898521938, 0.999260760883029, -0.03566113477198965, 0.22071164846420288], [0.0008463872935643602, 0.035652651690511225, 0.9993638837060225, 0.7201007604598999], [0.0, 0.0, 0.0, 1.0]], "RightFoot": [[0.9999830086398265, 0.005604924739757999, -0.001602264117537482, 0.6164780855178833], [-0.005611125851792912, 0.9999766824299169, -0.0038922825093284214, 0.235710009932518], [0.0015804108061009674, 0.0039012068797657233, 0.9999911414040452, 0.29978829622268677], [0.0, 0.0, 0.0, 1.0]]}}